0
2
5.5
0
0
0
0
-0.341743
-0.939793
1
-0
0
0
1
0
0
1
0
0
-0.341743
-0.939793
0
2
5.5
0
1.65826
4.56021
0
-0.341743
-0.939793
1
-0
0
0
0.939793
-0.341743
0
1
0
0
-0.341743
-0.939793
0
2
5.5
0
1.65826
4.56021
0
-0.341743
-0.939793
1
-0
0
0
0.939793
-0.341743
0
1
0
0
-0.341743
-0.939793
0
2
5.5
0
1.65826
4.56021
0
-0.341743
-0.939793
1
-0
0
0
0.939793
-0.341743
0
1
0
0
-0.341743
-0.939793
0
2
5.5
0
1.65826
4.56021
0
-0.341743
-0.939793
1
-0
0
0
0.939793
-0.341743
0
1
0
0
-0.341743
-0.939793
0
2
5.5
0
1.65826
4.56021
0
-0.341743
-0.939793
1
-0
0
0
0.939793
-0.341743
0
1
0
0
-0.341743
-0.939793
0
2
5.5
0
1.65826
4.56021
0
-0.341743
-0.939793
1
-0
0
0
0.939793
-0.341743
0
1
0
0
-0.341743
-0.939793
0
2
5.5
0
1.65826
4.56021
0
-0.341743
-0.939793
1
-0
0
0
0.939793
-0.341743
0
1
0
0
-0.341743
-0.939793
0
2
5.5
0
1.65826
4.56021
0
-0.341743
-0.939793
1
-0
0
0
0.939793
-0.341743
0
1
0
0
-0.341743
-0.939793
0
2
5.5
0
1.65826
4.56021
0
-0.341743
-0.939793
1
-0
0
0
0.939793
-0.341743
0
1
0
0
-0.341743
-0.939793
0
2
5.5
0
1.65826
4.56021
0
-0.341743
-0.939793
1
-0
0
0
0.939793
-0.341743
0
1
0
0
-0.341743
-0.939793
0
2
5.5
0
1.65826
4.56021
0
-0.341743
-0.939793
1
-0
0
0
0.939793
-0.341743
0
1
0
0
-0.341743
-0.939793
0
2
5.5
0
1.65826
4.56021
0
-0.341743
-0.939793
1
-0
0
0
0.939793
-0.341743
0
1
0
0
-0.341743
-0.939793
0
2
5.5
0
1.65826
4.56021
0
-0.341743
-0.939793
1
-0
0
0
0.939793
-0.341743
0
1
0
0
-0.341743
-0.939793
0
2
5.5
0
1.65826
4.56021
0
-0.341743
-0.939793
1
-0
0
0
0.939793
-0.341743
0
1
0
0
-0.341743
-0.939793
0
2
5.5
0
1.65826
4.56021
0
-0.341743
-0.939793
1
-0
0
0
0.939793
-0.341743
0
1
0
0
-0.341743
-0.939793
0
2
5.5
0
1.65826
4.56021
0
-0.341743
-0.939793
1
-0
0
0
0.939793
-0.341743
0
1
0
0
-0.341743
-0.939793
0
2
5.5
0
1.65826
4.56021
0
-0.341743
-0.939793
1
-0
0
0
0.939793
-0.341743
0
1
0
0
-0.341743
-0.939793
0
2
5.5
0
1.65826
4.56021
0
-0.341743
-0.939793
1
-0
0
0
0.939793
-0.341743
0
1
0
0
-0.341743
-0.939793
0
2
5.5
0
1.65826
4.56021
0
-0.341743
-0.939793
1
-0
0
0
0.939793
-0.341743
0
1
0
0
-0.341743
-0.939793
0
2
5.5
0
1.65826
4.56021
0
-0.341743
-0.939793
1
-0
0
0
0.939793
-0.341743
0
1
0
0
-0.341743
-0.939793
0
2
5.5
0
1.65826
4.56021
0
-0.341743
-0.939793
1
-0
0
0
0.939793
-0.341743
0
1
0
0
-0.341743
-0.939793
0
2
5.5
0
1.65826
4.56021
0
-0.341743
-0.939793
1
-0
0
0
0.939793
-0.341743
0
1
0
0
-0.341743
-0.939793
0
2
5.5
0
1.65826
4.56021
0
-0.341743
-0.939793
1
-0
0
0
0.939793
-0.341743
0
1
0
0
-0.341743
-0.939793
0
2
5.5
0
1.65826
4.56021
0
-0.341743
-0.939793
1
-0
0
0
0.939793
-0.341743
0
1
0
0
-0.341743
-0.939793
0
2
5.5
0
1.65826
4.56021
0
-0.341743
-0.939793
1
-0
0
0
0.939793
-0.341743
0
1
0
0
-0.341743
-0.939793
0
2
5.5
0
1.65826
4.56021
0
-0.341743
-0.939793
1
-0
0
0
0.939793
-0.341743
0
1
0
0
-0.341743
-0.939793
8.20124e-05
1.96583
5.40602
0.000902137
1.62408
4.46623
0.000820124
-0.341743
-0.939793
1
-0
0.000872665
0.000298227
0.939793
-0.341743
0
1
0
0
-0.341743
-0.939793
0.000739756
1.93231
5.31181
0.0073172
1.59713
4.36967
0.00657744
-0.335174
-0.942133
0.999976
-0
0.00698126
0.00233994
0.942156
-0.335166
0
1
0
0
-0.341743
-0.939793
0.0015632
1.8992
5.21745
0.00979765
1.56814
4.27388
0.00823445
-0.33106
-0.943574
0.999962
-0
0.00872654
0.002889
0.94361
-0.331047
0
1
0
0
-0.341743
-0.939793
0.00263594
1.86667
5.12289
0.0133634
1.54138
4.17734
0.0107274
-0.325289
-0.945554
0.999936
-0
0.0113444
0.00369021
0.945615
-0.325268
0
1
0
0
-0.341743
-0.939793
0.00404412
1.83522
5.02798
0.0181259
1.52068
4.07884
0.0140818
-0.314541
-0.949139
0.99989
-0
0.0148348
0.00466614
0.949244
-0.314506
0
1
0
0
-0.341743
-0.939793
0.0055377
1.80426
4.9329
0.0204734
1.4947
3.98214
0.0149357
-0.309566
-0.950761
0.999877
-0
0.0157073
0.00486246
0.950878
-0.309528
0
1
0
0
-0.341743
-0.939793
0.00703254
1.77356
4.83775
0.021981
1.46648
3.88618
0.0149484
-0.307076
-0.951568
0.999877
-0
0.0157073
0.00482334
0.951685
-0.307038
0
1
0
0
-0.341743
-0.939793
0.00853112
1.7436
4.74235
0.023517
1.444
3.7884
0.0149858
-0.299592
-0.95395
0.999877
-0
0.0157073
0.00470579
0.954067
-0.299555
0
1
0
0
-0.341743
-0.939793
0.00978499
1.71489
4.64657
0.0223236
1.42781
3.68875
0.0125386
-0.287078
-0.957825
0.999914
-0
0.0130896
0.00375774
0.957907
-0.287053
0
1
0
0
-0.341743
-0.939793
0.0109583
1.68702
4.55054
0.0226912
1.40831
3.59024
0.0117329
-0.278708
-0.960304
0.999925
-0
0.012217
0.00340498
0.960376
-0.278687
0
1
0
0
-0.341743
-0.939793
0.0119672
1.66024
4.4542
0.0220565
1.39244
3.49077
0.0100893
-0.267795
-0.963423
0.999945
-0
0.0104718
0.00280429
0.963476
-0.26778
0
1
0
0
-0.341743
-0.939793
0.0128106
1.63455
4.35756
0.0212444
1.3777
3.39114
0.00843378
-0.256848
-0.966415
0.999962
-0
0.00872654
0.00224139
0.966452
-0.256838
0
1
0
0
-0.341743
-0.939793
0.0134876
1.61014
4.26059
0.0202575
1.36596
3.29088
0.00676995
-0.244175
-0.969707
0.999976
-0
0.00698126
0.00170465
0.969731
-0.244169
0
1
0
0
-0.341743
-0.939793
0.0138269
1.58665
4.16338
0.0172199
1.35179
3.19136
0.00339302
-0.234856
-0.972024
0.999994
-0
0.00349065
0.000819799
0.97203
-0.234854
0
1
0
0
-0.341743
-0.939793
0.0139969
1.56401
4.06598
0.0156969
1.33765
3.09194
0.00170003
-0.226364
-0.974041
0.999999
-0
0.00174533
0.00039508
0.974043
-0.226364
0
1
0
0
-0.341743
-0.939793
0.01357
1.54334
3.96814
0.00930097
1.33657
2.98976
-0.00426902
-0.20677
-0.97838
0.999991
0
-0.00436331
-0.000902199
0.97839
-0.206768
0
1
0
0
-0.341743
-0.939793
0.0127991
1.5242
3.86999
0.00509038
1.33282
2.88851
-0.00770873
-0.191376
-0.981487
0.999969
0
-0.0078539
-0.00150305
0.981517
-0.19137
0
1
0
0
-0.341743
-0.939793
0.0114242
1.50678
3.77153
-0.00232441
1.33256
2.78692
-0.0137487
-0.174217
-0.984611
0.999903
0
-0.0139622
-0.00243245
0.984707
-0.1742
0
1
0
0
-0.341743
-0.939793
0.0084853
1.49315
3.67251
-0.0209041
1.35686
2.68228
-0.0293894
-0.136288
-0.990233
0.99956
0
-0.0296662
-0.00404315
0.990669
-0.136228
0
1
0
0
-0.341743
-0.939793
0.00475998
1.48134
3.57328
-0.0324932
1.36323
2.58098
-0.0372532
-0.118111
-0.992301
0.999296
0
-0.0375158
-0.00443103
0.993
-0.118028
0
1
0
0
-0.341743
-0.939793
-1.74493e-05
1.47213
3.47382
-0.0477918
1.38005
2.47921
-0.0477743
-0.092077
-0.994605
0.998848
0
-0.0479781
-0.00441768
0.995752
-0.091971
0
1
0
0
-0.341743
-0.939793
-0.00532191
1.46431
3.37426
-0.0583665
1.38615
2.37874
-0.0530446
-0.0781651
-0.995528
0.998583
0
-0.0532074
-0.00415896
0.99694
-0.0780544
0
1
0
0
-0.341743
-0.939793
-0.0120306
1.46015
3.27458
-0.0791171
1.41857
2.2777
-0.0670866
-0.0415811
-0.99688
0.997743
0
-0.0671446
-0.00279195
0.999135
-0.0414873
0
1
0
0
-0.341743
-0.939793
-0.0206587
1.46123
3.17496
-0.10694
1.472
2.17874
-0.0862814
0.0107666
-0.996213
0.99627
0
-0.0862864
0.00092901
0.999942
0.0107264
0
1
0
0
-0.341743
-0.939793
-0.0295464
1.46318
3.07537
-0.118424
1.48267
2.07952
-0.0888774
0.0194922
-0.995852
0.996041
0
-0.0888943
0.00173274
0.99981
0.019415
0
1
0
0
-0.341743
-0.939793
-0.0386925
1.46618
2.97583
-0.130153
1.49614
1.98048
-0.0914605
0.0299609
-0.995358
0.995805
0
-0.0915016
0.00274147
0.999551
0.0298352
0
1
0
0
-0.341743
-0.939793
-0.0480112
1.46952
2.87633
-0.141199
1.50297
1.88124
-0.0931873
0.0334499
-0.995087
0.995644
0
-0.0932395
0.00311885
0.99944
0.0333041
0
1
0
0
-0.341743
-0.939793
-0.0575018
1.47339
2.77685
-0.152408
1.51207
1.78212
-0.094906
0.0386824
-0.994734
0.99548
0
-0.0949771
0.00367394
0.999252
0.0385075
0
1
0
0
-0.341743
-0.939793
-0.0671643
1.57769
2.67741
-0.163789
1.62074
1.68302
-0.0966247
0.0430421
-0.99439
0.995312
0
-0.0967144
0.00416279
0.999073
0.0428403
0
1
0
0
-0.341743
-0.939793
-0.0769984
1.68243
2.57801
-0.175339
1.72984
1.58399
-0.0983407
0.0474009
-0.994023
0.995142
0
-0.0984514
0.00466669
0.998876
0.0471706
0
1
0
0
-0.341743
-0.939793
-0.087089
1.78787
2.47867
-0.187996
1.84224
1.48526
-0.100907
0.0543732
-0.993409
0.994881
0
-0.101056
0.00549475
0.998521
0.0540948
0
1
0
0
-0.341743
-0.939793
-0.0974361
1.89392
2.37939
-0.200907
1.95439
1.3866
-0.103471
0.0604718
-0.992792
0.994613
0
-0.103661
0.00626853
0.99817
0.060146
0
1
0
0
-0.341743
-0.939793
-0.107868
2.00023
2.28014
-0.212188
2.06331
1.2876
-0.10432
0.0630848
-0.992541
0.994522
0
-0.104528
0.00659415
0.998008
0.0627392
0
1
0
0
-0.341743
-0.939793
-0.118642
2.10715
2.18096
-0.226383
2.17633
1.18919
-0.107741
0.06918
-0.991769
0.994151
0
-0.107999
0.0074714
0.997604
0.0687754
0
1
0
0
-0.341743
-0.939793
-0.129502
2.21415
2.0818
-0.238102
2.2842
1.09018
-0.108599
0.0700505
-0.991614
0.994056
0
-0.108867
0.00762618
0.997544
0.0696342
0
1
0
0
-0.341743
-0.939793
-0.140362
2.32115
1.98264
-0.248962
2.39121
0.991023
-0.108599
0.0700505
-0.991614
0.994056
0
-0.108867
0.00762618
0.997544
0.0696342
0
1
0
0
-0.341743
-0.939793
-0.151222
2.42816
1.88348
-0.259822
2.49821
0.891861
-0.108599
0.0700505
-0.991614
0.994056
0
-0.108867
0.00762618
0.997544
0.0696342
0
1
0
0
-0.341743
-0.939793
-0.162081
2.53525
1.78432
-0.270674
2.60617
0.792767
-0.108593
0.0709211
-0.991553
0.994056
0
-0.108867
0.00772095
0.997482
0.0704995
0
1
0
0
-0.341743
-0.939793
-0.172941
2.64234
1.68517
-0.281533
2.71326
0.693612
-0.108593
0.0709211
-0.991553
0.994056
0
-0.108867
0.00772095
0.997482
0.0704995
0
1
0
0
-0.341743
-0.939793
-0.183886
2.74944
1.58602
-0.293344
2.82036
0.594561
-0.109458
0.0709211
-0.991458
0.993961
0
-0.109734
0.00778247
0.997482
0.0704928
0
1
0
0
-0.341743
-0.939793
-0.194832
2.85653
1.48687
-0.30429
2.92745
0.495415
-0.109458
0.0709211
-0.991458
0.993961
0
-0.109734
0.00778247
0.997482
0.0704928
0
1
0
0
-0.341743
-0.939793
-0.205865
2.96362
1.38774
-0.316188
3.03454
0.396375
-0.110323
0.0709211
-0.991362
0.993865
0
-0.110602
0.00784399
0.997482
0.0704859
0
1
0
0
-0.341743
-0.939793
-0.216983
3.07071
1.28861
-0.328172
3.14163
0.297345
-0.111188
0.0709211
-0.991266
0.993768
0
-0.111469
0.00790549
0.997482
0.0704791
0
1
0
0
-0.341743
-0.939793
-0.228102
3.1778
1.18948
-0.33929
3.24872
0.198219
-0.111188
0.0709211
-0.991266
0.993768
0
-0.111469
0.00790549
0.997482
0.0704791
0
1
0
0
-0.341743
-0.939793
-0.239221
3.28489
1.09036
-0.350409
3.35582
0.0990921
-0.111188
0.0709211
-0.991266
0.993768
0
-0.111469
0.00790549
0.997482
0.0704791
0
1
0
0
-0.341743
-0.939793
-0.25034
3.39199
0.991231
-0.361528
3.46291
-3.44515e-05
-0.111188
0.0709211
-0.991266
0.993768
0
-0.111469
0.00790549
0.997482
0.0704791
0
1
0
0
-0.341743
-0.939793
-0.261459
3.49908
0.892105
-0.372647
3.57
-0.099161
-0.111188
0.0709211
-0.991266
0.993768
0
-0.111469
0.00790549
0.997482
0.0704791
0
1
0
0
-0.341743
-0.939793
-0.272577
3.60617
0.792978
-0.383766
3.67709
-0.198288
-0.111188
0.0709211
-0.991266
0.993768
0
-0.111469
0.00790549
0.997482
0.0704791
0
1
0
0
-0.341743
-0.939793
-0.283696
3.71326
0.693851
-0.394885
3.78418
-0.297414
-0.111188
0.0709211
-0.991266
0.993768
0
-0.111469
0.00790549
0.997482
0.0704791
0
1
0
0
-0.341743
-0.939793
-0.294815
3.82035
0.594725
-0.406003
3.89128
-0.396541
-0.111188
0.0709211
-0.991266
0.993768
0
-0.111469
0.00790549
0.997482
0.0704791
0
1
0
0
-0.341743
-0.939793
-0.305934
3.92745
0.495598
-0.417122
3.99837
-0.495667
-0.111188
0.0709211
-0.991266
0.993768
0
-0.111469
0.00790549
0.997482
0.0704791
0
1
0
0
-0.341743
-0.939793
-0.317139
4.03454
0.396481
-0.429193
4.10546
-0.594687
-0.112053
0.0709211
-0.991168
0.99367
0
-0.112336
0.007967
0.997482
0.0704722
0
1
0
0
-0.341743
-0.939793
-0.328345
4.14163
0.297365
-0.440398
4.21255
-0.693804
-0.112053
0.0709211
-0.991168
0.99367
0
-0.112336
0.007967
0.997482
0.0704722
0
1
0
0
-0.341743
-0.939793
-0.33955
4.24872
0.198248
-0.451603
4.31964
-0.79292
-0.112053
0.0709211
-0.991168
0.99367
0
-0.112336
0.007967
0.997482
0.0704722
0
1
0
0
-0.341743
-0.939793
-0.350842
4.35581
0.0991407
-0.46376
4.42673
-0.891929
-0.112918
0.0709211
-0.99107
0.993572
0
-0.113203
0.00802849
0.997482
0.0704652
0
1
0
0
-0.341743
-0.939793
-0.362134
4.46291
3.37213e-05
-0.475052
4.53383
-0.991036
-0.112918
0.0709211
-0.99107
0.993572
0
-0.113203
0.00802849
0.997482
0.0704652
0
1
0
0
-0.341743
-0.939793
-0.373598
4.57
-0.0990534
-0.488246
4.64092
-1.08992
-0.114648
0.0709211
-0.990871
0.993373
0
-0.114937
0.00815147
0.997482
0.070451
0
1
0
0
-0.341743
-0.939793
-0.38515
4.67709
-0.198131
-0.500662
4.74801
-1.1889
-0.115512
0.0709211
-0.990771
0.993272
0
-0.115804
0.00821294
0.997482
0.0704439
0
1
0
0
-0.341743
-0.939793
-0.396787
4.78418
-0.297197
-0.513164
4.8551
-1.28787
-0.116377
0.0709211
-0.99067
0.993171
0
-0.116671
0.00827441
0.997482
0.0704367
0
1
0
0
-0.341743
-0.939793
-0.408684
4.89127
-0.396234
-0.527654
4.96219
-1.3866
-0.11897
0.0709211
-0.990362
0.992862
0
-0.11927
0.00845879
0.997482
0.0704148
0
1
0
0
-0.341743
-0.939793
-0.420668
4.99837
-0.495259
-0.540502
5.06929
-1.48552
-0.119834
0.0709211
-0.990258
0.992757
0
-0.120137
0.00852024
0.997482
0.0704074
0
1
0
0
-0.341743
-0.939793
-0.432997
5.10546
-0.594243
-0.556287
5.17638
-1.58408
-0.12329
0.0709211
-0.989833
0.992332
0
-0.123602
0.00876595
0.997482
0.0703772
0
1
0
0
-0.341743
-0.939793
-0.445585
5.21255
-0.693193
-0.571466
5.28347
-1.6827
-0.125881
0.0709211
-0.989507
0.992005
0
-0.126199
0.00895017
0.997482
0.070354
0
1
0
0
-0.341743
-0.939793
-0.458432
5.31964
-0.792111
-0.586903
5.39056
-1.78128
-0.128471
0.0709211
-0.989174
0.991671
0
-0.128796
0.00913432
0.997482
0.0703304
0
1
0
0
-0.341743
-0.939793
-0.471624
5.42673
-0.890983
-0.603548
5.49765
-1.8797
-0.131923
0.0709211
-0.98872
0.991215
0
-0.132256
0.00937977
0.997482
0.0702981
0
1
0
0
-0.341743
-0.939793
-0.484903
5.53382
-0.989843
-0.617689
5.60475
-1.97845
-0.132786
0.0709211
-0.988604
0.9911
0
-0.133121
0.00944111
0.997482
0.0702898
0
1
0
0
-0.341743
-0.939793
-0.498871
5.64092
-1.08861
-0.638556
5.71184
-2.07626
-0.139685
0.0709211
-0.987653
0.990146
0
-0.140037
0.00993159
0.997482
0.0702222
0
1
0
0
-0.341743
-0.939793
-0.513185
5.74801
-1.18732
-0.656316
5.81893
-2.17448
-0.143131
0.0709211
-0.987159
0.989651
0
-0.143493
0.0101767
0.997482
0.0701871
0
1
0
0
-0.341743
-0.939793
-0.528531
5.8551
-1.28589
-0.681991
5.92602
-2.27149
-0.153461
0.0709211
-0.985606
0.988094
0
-0.153848
0.0109111
0.997482
0.0700767
0
1
0
0
-0.341743
-0.939793
-0.545937
5.96219
-1.3841
-0.720006
6.03311
-2.36628
-0.174068
0.0709211
-0.982176
0.984656
0
-0.174508
0.0123763
0.997482
0.0698328
0
1
0
0
-0.341743
-0.939793
-0.564799
6.06928
-1.48205
-0.753419
6.14021
-2.46154
-0.188619
0.0709211
-0.979486
0.981959
0
-0.189095
0.0134108
0.997482
0.0696416
0
1
0
0
-0.341743
-0.939793
-0.584089
6.17638
-1.57992
-0.77698
6.2473
-2.55857
-0.192891
0.0709211
-0.978654
0.981124
0
-0.193378
0.0137146
0.997482
0.0695824
0
1
0
0
-0.341743
-0.939793
-0.604228
6.28364
-1.6776
-0.805627
6.3563
-2.65441
-0.201399
0.0726618
-0.976811
0.979399
0
-0.201933
0.0146728
0.997357
0.0711649
0
1
0
0
-0.341743
-0.939793
-0.625048
6.391
-1.77513
-0.833249
6.46453
-2.75045
-0.2082
0.0735322
-0.975318
0.977966
0
-0.208765
0.015351
0.997293
0.0719119
0
1
0
0
-0.341743
-0.939793
-0.647054
6.49861
-1.87238
-0.867111
6.57475
-2.84489
-0.220057
0.0761428
-0.972511
0.975342
0
-0.220697
0.0168045
0.997097
0.0742653
0
1
0
0
-0.341743
-0.939793
-0.670412
6.6064
-1.9693
-0.903995
6.68428
-2.93851
-0.233582
0.0778829
-0.969213
0.972166
0
-0.234294
0.0182475
0.996963
0.0757151
0
1
0
0
-0.341743
-0.939793
-0.69495
6.71436
-2.06592
-0.940321
6.79398
-3.03207
-0.245372
0.0796229
-0.966154
0.969231
0
-0.246153
0.0195994
0.996825
0.0771729
0
1
0
0
-0.341743
-0.939793
-0.721247
6.82258
-2.16205
-0.984227
6.90482
-3.12334
-0.262979
0.0822323
-0.961291
0.964557
0
-0.263873
0.0216989
0.996613
0.0793177
0
1
0
0
-0.341743
-0.939793
-0.748718
6.93081
-2.25785
-1.02342
7.01304
-3.21585
-0.274704
0.0822323
-0.958006
0.961262
0
-0.275637
0.0226663
0.996613
0.0790467
0
1
0
0
-0.341743
-0.939793
-0.777436
7.0392
-2.35327
-1.06461
7.12317
-3.30746
-0.287178
0.0839716
-0.954189
0.957571
0
-0.288196
0.0242003
0.996468
0.0804088
0
1
0
0
-0.341743
-0.939793
-0.809624
7.14786
-2.44755
-1.1315
7.23444
-3.39036
-0.321878
0.08658
-0.942814
0.946368
0
-0.323092
0.0279733
0.996245
0.0819365
0
1
0
0
-0.341743
-0.939793
-0.843368
7.25661
-2.54128
-1.18081
7.34405
-3.47855
-0.33744
0.0874494
-0.937276
0.940881
0
-0.338738
0.0296224
0.996169
0.0822794
0
1
0
0
-0.341743
-0.939793
-0.88003
7.36561
-2.63387
-1.24666
7.45567
-3.55987
-0.366629
0.090057
-0.925999
0.929777
0
-0.368125
0.0331522
0.995937
0.0837329
0
1
0
0
-0.341743
-0.939793
-0.917336
7.4747
-2.72621
-1.29039
7.56563
-3.64955
-0.373055
0.0909261
-0.923343
0.927184
0
-0.374607
0.0340615
0.995858
0.0843052
0
1
0
0
-0.341743
-0.939793
-0.955282
7.58388
-2.81827
-1.33474
7.67568
-3.73892
-0.379461
0.0917951
-0.920643
0.924546
0
-0.38107
0.0349804
0.995778
0.0848688
0
1
0
0
-0.341743
-0.939793
-0.99403
7.69306
-2.91
-1.38151
7.78486
-3.8273
-0.387481
0.0917951
-0.917296
0.921185
0
-0.389124
0.0357197
0.995778
0.0845603
0
1
0
0
-0.341743
-0.939793
-1.0335
7.80224
-3.00143
-1.42817
7.89404
-3.91565
-0.394673
0.0917951
-0.914225
0.918101
0
-0.396347
0.0363827
0.995778
0.0842772
0
1
0
0
-0.341743
-0.939793
-1.07511
7.91142
-3.09189
-1.49121
8.00322
-3.99657
-0.416103
0.0917951
-0.904672
0.908508
0
-0.417867
0.0383581
0.995778
0.0833966
0
1
0
0
-0.341743
-0.939793
-1.11813
8.0206
-3.1817
-1.5484
8.1124
-4.07972
-0.430261
0.0917951
-0.898025
0.901833
0
-0.432086
0.0396634
0.995778
0.0827838
0
1
0
0
-0.341743
-0.939793
-1.16311
8.12978
-3.27054
-1.61286
8.22158
-4.15896
-0.449749
0.0917951
-0.888425
0.892192
0
-0.451656
0.0414598
0.995778
0.0818988
0
1
0
0
-0.341743
-0.939793
-1.20917
8.23896
-3.35882
-1.66974
8.33076
-4.24169
-0.46057
0.0917951
-0.882864
0.886608
0
-0.462523
0.0424573
0.995778
0.0813862
0
1
0
0
-0.341743
-0.939793
-1.25812
8.34823
-3.44553
-1.74767
8.44089
-4.31257
-0.489548
0.092664
-0.867038
0.870785
0
-0.491664
0.0455595
0.995697
0.0806904
0
1
0
0
-0.341743
-0.939793
-1.31015
8.45749
-3.53043
-1.8304
8.55016
-4.3794
-0.52025
0.092664
-0.848972
0.85264
0
-0.522498
0.0484168
0.995697
0.079009
0
1
0
0
-0.341743
-0.939793
-1.36761
8.56676
-3.61174
-1.94227
8.65943
-4.42487
-0.574662
0.092664
-0.813128
0.816642
0
-0.577145
0.0534806
0.995698
0.0756733
0
1
0
0
-0.341743
-0.939793
-1.42747
8.67603
-3.69131
-2.026
8.76869
-4.48703
-0.598532
0.092664
-0.795722
0.79916
0
-0.601118
0.055702
0.995697
0.0740534
0
1
0
0
-0.341743
-0.939793
-1.48938
8.7853
-3.76929
-2.10854
8.87796
-4.54907
-0.619156
0.092664
-0.779782
0.783151
0
-0.621831
0.0576214
0.995697
0.0725699
0
1
0
0
-0.341743
-0.939793
-1.55588
8.89448
-3.84341
-2.22089
8.98627
-4.58457
-0.665013
0.0917951
-0.741169
0.744312
0
-0.667833
0.0613037
0.995778
0.0683241
0
1
0
0
-0.341743
-0.939793
-1.62431
9.00348
-3.91577
-2.30861
9.09354
-4.63939
-0.684296
0.090057
-0.723622
0.726575
0
-0.687088
0.061877
0.995937
0.0654331
0
1
0
0
-0.341743
-0.939793
-1.69475
9.11223
-3.98621
-2.39915
9.19968
-4.69061
-0.704398
0.0874493
-0.704398
0.707107
0
-0.707107
0.061836
0.996169
0.061836
0
1
0
0
-0.341743
-0.939793
-1.76769
9.22054
-4.05411
-2.49711
9.30364
-4.73311
-0.729417
0.0831019
-0.679003
0.68136
0
-0.731949
0.0608263
0.996541
0.0566223
0
1
0
0
-0.341743
-0.939793
-1.84525
9.32798
-4.1168
-2.62079
9.40238
-4.7437
-0.775539
0.0744024
-0.6269
0.628642
0
-0.777695
0.0578624
0.997228
0.0467725
0
1
0
0
-0.341743
-0.939793
-1.9258
9.43498
-4.17564
-2.73129
9.50503
-4.76409
-0.805492
0.0700505
-0.588452
0.589901
0
-0.807475
0.056564
0.997543
0.0413229
0
1
0
0
-0.341743
-0.939793
-2.00828
9.54155
-4.2318
-2.83308
9.60725
-4.79339
-0.824804
0.0656972
-0.561589
0.562805
0
-0.82659
0.0543046
0.99784
0.0369747
0
1
0
0
-0.341743
-0.939793
-2.09164
9.64795
-4.28666
-2.92526
9.71191
-4.83529
-0.833618
0.0639555
-0.548626
0.549752
0
-0.835328
0.0534239
0.997953
0.0351597
0
1
0
0
-0.341743
-0.939793
-2.1784
9.75365
-4.33605
-3.04605
9.81064
-4.82995
-0.867651
0.056987
-0.493896
0.4947
0
-0.869064
0.0495254
0.998375
0.0281915
0
1
0
0
-0.341743
-0.939793
-2.26694
9.85891
-4.38224
-3.15232
9.91154
-4.84412
-0.885379
0.0526303
-0.461881
0.462522
0
-0.886608
0.0466624
0.998614
0.0243427
0
1
0
0
-0.341743
-0.939793
-2.3569
9.96383
-4.42563
-3.25651
10.013
-4.85955
-0.89961
0.0491441
-0.43392
0.434445
0
-0.900698
0.044264
0.998792
0.0213504
0
1
0
0
-0.341743
-0.939793
-2.4481
10.0682
-4.46643
-3.36005
10.1121
-4.87436
-0.911954
0.0439139
-0.407936
0.40833
0
-0.912834
0.0400861
0.999035
0.0179314
0
1
0
0
-0.341743
-0.939793
-2.54041
10.1722
-4.50467
-3.46357
10.2117
-4.88705
-0.923157
0.0395543
-0.382384
0.382683
0
-0.92388
0.0365434
0.999217
0.0151368
0
1
0
0
-0.341743
-0.939793
-2.634
10.2756
-4.53975
-3.56981
10.3099
-4.89057
-0.935815
0.0343219
-0.350818
0.351024
0
-0.936366
0.0321378
0.999411
0.0120478
0
1
0
0
-0.341743
-0.939793
-2.72876
10.3783
-4.57155
-3.67646
10.4057
-4.88956
-0.947692
0.0273439
-0.318013
0.318132
0
-0.948047
0.0259233
0.999626
0.00869897
0
1
0
0
-0.341743
-0.939793
-2.82437
10.4806
-4.60078
-3.78044
10.5027
-4.89308
-0.956071
0.0221095
-0.2923
0.292371
0
-0.956305
0.0211435
0.999756
0.0064642
0
1
0
0
-0.341743
-0.939793
-2.92124
10.5819
-4.62556
-3.88996
10.5953
-4.87338
-0.968713
0.0133843
-0.247822
0.247844
0
-0.9688
0.0129667
0.999911
0.00331723
0
1
0
0
-0.341743
-0.939793
-3.01873
10.6829
-4.6478
-3.99364
10.6928
-4.87019
-0.974908
0.00989389
-0.222388
0.222399
0
-0.974956
0.00964611
0.999951
0.00220039
0
1
0
0
-0.341743
-0.939793
-3.11683
10.7834
-4.66722
-4.09777
10.789
-4.86145
-0.98094
0.00553069
-0.194231
0.194234
0
-0.980955
0.00542535
0.999985
0.00107425
0
1
0
0
-0.341743
-0.939793
-3.21553
10.8834
-4.6833
-4.20252
10.8828
-4.84404
-0.986996
-0.000577956
-0.160742
0.160742
0
-0.986996
-0.000570441
1
-9.29021e-05
0
1
0
0
-0.341743
-0.939793
-3.31483
10.9825
-4.69505
-4.30786
10.9741
-4.81258
-0.993033
-0.00843185
-0.117533
0.117537
0
-0.993069
-0.00837341
0.999965
-0.000991056
0
1
0
0
-0.341743
-0.939793
-3.41473
11.0802
-4.69889
-4.41372
11.0569
-4.73727
-0.998992
-0.0232652
-0.0383771
0.0383875
0
-0.999263
-0.023248
0.999729
-0.000893091
0
1
0
0
-0.341743
-0.939793
-3.51468
11.177
-4.69915
-4.51416
11.145
-4.70177
-0.999485
-0.0319884
-0.00261633
0.00261767
0
-0.999997
-0.0319883
0.999488
-8.37352e-05
0
1
0
0
-0.341743
-0.939793
-3.61454
11.2729
-4.69592
-4.61319
11.2322
-4.66367
-0.99865
-0.0407093
0.0322566
-0.0322833
0
-0.999479
-0.040688
0.999171
0.00131423
0
1
0
0
-0.341743
-0.939793
-3.71406
11.3677
-4.68765
-4.70928
11.3157
-4.60496
-0.995215
-0.0520416
0.0826964
-0.0828086
0
-0.996565
-0.0518629
0.998645
0.0043095
0
1
0
0
-0.341743
-0.939793
-3.81343
11.4621
-4.67791
-4.80707
11.4057
-4.58048
-0.993643
-0.0563985
0.0974279
-0.0975832
0
-0.995227
-0.0561294
0.998408
0.00550355
0
1
0
0
-0.341743
-0.939793
-3.91228
11.5555
-4.66428
-4.90075
11.4895
-4.528
-0.98847
-0.0659798
0.136283
-0.13658
0
-0.990629
-0.0653615
0.997821
0.00901155
0
1
0
0
-0.341743
-0.939793
-4.01031
11.6476
-4.6462
-4.99065
11.5686
-4.46539
-0.980337
-0.0790353
0.18081
-0.181378
0
-0.983414
-0.0777243
0.996872
0.0143352
0
1
0
0
-0.341743
-0.939793
-4.10745
11.7384
-4.62431
-5.07884
11.6463
-4.4054
-0.97139
-0.0920771
0.218913
-0.219847
0
-0.975534
-0.0898243
0.995752
0.0202428
0
1
0
0
-0.341743
-0.939793
-4.20389
11.8282
-4.59991
-5.16832
11.7266
-4.35587
-0.964426
-0.101631
0.244038
-0.245308
0
-0.969445
-0.0985259
0.994822
0.0249309
0
1
0
0
-0.341743
-0.939793
-4.29939
11.9168
-4.57252
-5.25441
11.8031
-4.29867
-0.955019
-0.113777
0.273848
-0.275638
0
-0.961262
-0.10937
0.993506
0.0313613
0
1
0
0
-0.341743
-0.939793
-4.39346
12.0039
-4.54114
-5.33408
11.8745
-4.22732
-0.940629
-0.129369
0.313818
-0.316477
0
-0.9486
-0.122719
0.991597
0.0409422
0
1
0
0
-0.341743
-0.939793
-4.48621
12.0898
-4.50655
-5.41376
11.9483
-4.16068
-0.927553
-0.141473
0.345876
-0.34939
0
-0.936977
-0.132557
0.989942
0.0494294
0
1
0
0
-0.341743
-0.939793
-4.57728
12.1745
-4.46818
-5.488
12.0218
-4.08441
-0.910718
-0.152695
0.383767
-0.38832
0
-0.921525
-0.140712
0.988273
0.0592944
0
1
0
0
-0.341743
-0.939793
-4.66671
12.2583
-4.42647
-5.56102
12.0961
-4.00945
-0.89431
-0.162174
0.417024
-0.422619
0
-0.906308
-0.14698
0.986762
0.0685378
0
1
0
0
-0.341743
-0.939793
-4.75488
12.3414
-4.38242
-5.63655
12.1723
-3.94187
-0.881668
-0.169059
0.440545
-0.446979
0
-0.894544
-0.151231
0.985606
0.0755658
0
1
0
0
-0.341743
-0.939793
-4.84207
12.424
-4.33665
-5.71392
12.2497
-3.87891
-0.871853
-0.174217
0.457734
-0.464843
0
-0.885393
-0.154251
0.984707
0.0809836
0
1
0
0
-0.341743
-0.939793
-4.92829
12.5061
-4.28925
-5.79052
12.3276
-3.81523
-0.862231
-0.178512
0.474016
-0.481754
0
-0.876307
-0.156431
0.983938
0.085999
0
1
0
0
-0.341743
-0.939793
-5.0128
12.5877
-4.23907
-5.85789
12.4031
-3.73729
-0.845087
-0.184519
0.501777
-0.510543
0
-0.859852
-0.158659
0.982829
0.0942051
0
1
0
0
-0.341743
-0.939793
-5.09679
12.669
-4.1881
-5.93675
12.4828
-3.6784
-0.839955
-0.186234
0.509698
-0.518774
0
-0.854912
-0.159214
0.982505
0.0966135
0
1
0
0
-0.341743
-0.939793
-5.1796
12.7501
-4.13534
-6.00768
12.5604
-3.6078
-0.828083
-0.189663
0.527548
-0.5373
0
-0.843391
-0.15996
0.981849
0.101906
0
1
0
0
-0.341743
-0.939793
-5.26125
12.8308
-4.08089
-6.07768
12.6386
-3.5364
-0.816437
-0.192233
0.544497
-0.554845
0
-0.831954
-0.159929
0.981349
0.106659
0
1
0
0
-0.341743
-0.939793
-5.34156
12.9112
-4.02465
-6.14474
12.7147
-3.46226
-0.803179
-0.196513
0.562393
-0.573577
0
-0.819152
-0.160974
0.980501
0.112715
0
1
0
0
-0.341743
-0.939793
-5.42098
12.9912
-3.96727
-6.21517
12.7913
-3.39343
-0.794187
-0.199934
0.573841
-0.585666
0
-0.810553
-0.162057
0.979809
0.117095
0
1
0
0
-0.341743
-0.939793
-5.49928
13.0709
-3.90848
-6.28225
12.8675
-3.32061
-0.782975
-0.203353
0.587875
-0.600421
0
-0.799684
-0.162618
0.979105
0.122097
0
1
0
0
-0.341743
-0.939793
-5.57593
13.15
-3.84773
-6.3424
12.9415
-3.24023
-0.766473
-0.208477
0.6075
-0.621148
0
-0.783693
-0.163382
0.978027
0.129495
0
1
0
0
-0.341743
-0.939793
-5.65121
13.2287
-3.78545
-6.40409
13.016
-3.16262
-0.752874
-0.212742
0.622833
-0.637424
0
-0.770513
-0.163921
0.977108
0.135607
0
1
0
0
-0.341743
-0.939793
-5.72465
13.307
-3.72116
-6.45899
13.0891
-3.07829
-0.734342
-0.217856
0.642869
-0.65869
0
-0.752415
-0.163918
0.975981
0.143499
0
1
0
0
-0.341743
-0.939793
-5.79659
13.3847
-3.65535
-6.51603
13.1626
-2.99727
-0.719435
-0.222112
0.658088
-0.674947
0
-0.737866
-0.163889
0.975021
0.149914
0
1
0
0
-0.341743
-0.939793
-5.86761
13.4622
-3.58866
-6.5778
13.2367
-2.92175
-0.71019
-0.225514
0.666913
-0.684547
0
-0.728968
-0.164393
0.97424
0.154375
0
1
0
0
-0.341743
-0.939793
-5.9363
13.5388
-3.51986
-6.62317
13.3048
-2.83178
-0.686873
-0.234007
0.688074
-0.707724
0
-0.706489
-0.165324
0.972235
0.165613
0
1
0
0
-0.341743
-0.939793
-6.00031
13.6137
-3.44724
-6.64046
13.3628
-2.72113
-0.640151
-0.250939
0.72611
-0.750111
0
-0.661311
-0.165949
0.968003
0.188233
0
1
0
0
-0.341743
-0.939793
-6.0572
13.686
-3.36981
-6.62604
13.409
-2.59542
-0.568842
-0.277032
0.774385
-0.805929
0
-0.592013
-0.164006
0.960861
0.223268
0
1
0
0
-0.341743
-0.939793
-6.11247
13.7576
-3.29145
-6.66521
13.4739
-2.50789
-0.552742
-0.283733
0.783564
-0.817145
0
-0.576432
-0.163553
0.958903
0.231851
0
1
0
0
-0.341743
-0.939793
-6.16649
13.8287
-3.21241
-6.7067
13.54
-2.42197
-0.540212
-0.28875
0.79044
-0.825607
0
-0.564246
-0.162926
0.957405
0.238394
0
1
0
0
-0.341743
-0.939793
-6.21705
13.8984
-3.13165
-6.72264
13.5946
-2.32411
-0.505585
-0.303752
0.807538
-0.847586
0
-0.530658
-0.161189
0.952751
0.257456
0
1
0
0
-0.341743
-0.939793
-6.26523
13.9669
-3.04986
-6.74701
13.6524
-2.23197
-0.481777
-0.314541
0.817897
-0.86163
0
-0.507538
-0.159641
0.949244
0.271018
0
1
0
0
-0.341743
-0.939793
-6.31122
14.0344
-2.96724
-6.7711
13.7091
-2.14098
-0.459885
-0.325289
0.826252
-0.873773
0
-0.486335
-0.1582
0.945614
0.284229
0
1
0
0
-0.341743
-0.939793
-6.35464
14.1004
-2.88382
-6.78886
13.7603
-2.04969
-0.434222
-0.340102
0.834135
-0.887011
0
-0.461748
-0.157042
0.940388
0.301675
0
1
0
0
-0.341743
-0.939793
-6.39666
14.1654
-2.8001
-6.81684
13.8155
-1.96284
-0.42018
-0.349931
0.837256
-0.893764
0
-0.448538
-0.156958
0.936775
0.312756
0
1
0
0
-0.341743
-0.939793
-6.43798
14.2297
-2.7163
-6.85121
13.8733
-1.87834
-0.413234
-0.356463
0.837957
-0.896873
0
-0.442288
-0.157659
0.93431
0.319702
0
1
0
0
-0.341743
-0.939793
-6.47825
14.293
-2.63245
-6.88091
13.926
-1.79391
-0.40266
-0.367039
0.838539
-0.901456
0
-0.432872
-0.158881
0.930206
0.330869
0
1
0
0
-0.341743
-0.939793
-6.51838
14.356
-2.54867
-6.91976
13.9857
-1.71095
-0.401372
-0.370284
0.83773
-0.901833
0
-0.432085
-0.159994
0.928919
0.333934
0
1
0
0
-0.341743
-0.939793
-6.55852
14.419
-2.4649
-6.95989
14.0487
-1.62717
-0.401372
-0.370284
0.83773
-0.901833
0
-0.432085
-0.159994
0.928919
0.333934
0
1
0
0
-0.341743
-0.939793
-6.59866
14.482
-2.38113
-7.00003
14.1117
-1.5434
-0.401372
-0.370284
0.83773
-0.901833
0
-0.432085
-0.159994
0.928919
0.333934
0
1
0
0
-0.341743
-0.939793
-6.6388
14.5449
-2.29736
-7.04017
14.1746
-1.45963
-0.401372
-0.370284
0.83773
-0.901833
0
-0.432085
-0.159994
0.928919
0.333934
0
1
0
0
-0.341743
-0.939793
-6.67893
14.6079
-2.21358
-7.08031
14.2376
-1.37585
-0.401372
-0.370284
0.83773
-0.901833
0
-0.432085
-0.159994
0.928919
0.333934
0
1
0
0
-0.341743
-0.939793
-6.71907
14.6709
-2.12981
-7.12044
14.3006
-1.29208
-0.401372
-0.370284
0.83773
-0.901833
0
-0.432085
-0.159994
0.928919
0.333934
0
1
0
0
-0.341743
-0.939793
-6.75921
14.7338
-2.04604
-7.16058
14.3636
-1.20831
-0.401372
-0.370284
0.83773
-0.901833
0
-0.432085
-0.159994
0.928919
0.333934
0
1
0
0
-0.341743
-0.939793
-6.79935
14.7968
-1.96226
-7.20072
14.4265
-1.12453
-0.401372
-0.370284
0.83773
-0.901833
0
-0.432085
-0.159994
0.928919
0.333934
0
1
0
0
-0.341743
-0.939793
-6.83948
14.8598
-1.87849
-7.24085
14.4895
-1.04076
-0.401372
-0.370284
0.83773
-0.901833
0
-0.432085
-0.159994
0.928919
0.333934
0
1
0
0
-0.341743
-0.939793
-6.87962
14.9228
-1.79472
-7.28099
14.5525
-0.956989
-0.401372
-0.370284
0.83773
-0.901833
0
-0.432085
-0.159994
0.928919
0.333934
0
1
0
0
-0.341743
-0.939793
-6.91976
14.9857
-1.71095
-7.32113
14.6154
-0.873216
-0.401372
-0.370284
0.83773
-0.901833
0
-0.432085
-0.159994
0.928919
0.333934
0
1
0
0
-0.341743
-0.939793
-6.95989
15.0487
-1.62717
-7.36127
14.6784
-0.789443
-0.401372
-0.370284
0.83773
-0.901833
0
-0.432085
-0.159994
0.928919
0.333934
0
1
0
0
-0.341743
-0.939793
-7.00003
15.1117
-1.5434
-7.4014
14.7414
-0.70567
-0.401372
-0.370284
0.83773
-0.901833
0
-0.432085
-0.159994
0.928919
0.333934
0
1
0
0
-0.341743
-0.939793
-7.04017
15.1746
-1.45963
-7.44154
14.8044
-0.621897
-0.401372
-0.370284
0.83773
-0.901833
0
-0.432085
-0.159994
0.928919
0.333934
0
1
0
0
-0.341743
-0.939793
-7.08031
15.2376
-1.37585
-7.48168
14.8673
-0.538124
-0.401372
-0.370284
0.83773
-0.901833
0
-0.432085
-0.159994
0.928919
0.333934
0
1
0
0
-0.341743
-0.939793
-7.12044
15.3006
-1.29208
-7.52182
14.9303
-0.454352
-0.401372
-0.370284
0.83773
-0.901833
0
-0.432085
-0.159994
0.928919
0.333934
0
1
0
0
-0.341743
-0.939793
-7.16058
15.3636
-1.20831
-7.56195
14.9933
-0.370579
-0.401372
-0.370284
0.83773
-0.901833
0
-0.432085
-0.159994
0.928919
0.333934
0
1
0
0
-0.341743
-0.939793
-7.20072
15.4265
-1.12454
-7.60209
15.0563
-0.286806
-0.401372
-0.370284
0.83773
-0.901833
0
-0.432085
-0.159994
0.928919
0.333934
0
1
0
0
-0.341743
-0.939793
-7.24086
15.4895
-1.04076
-7.64223
15.1192
-0.203033
-0.401372
-0.370284
0.83773
-0.901833
0
-0.432085
-0.159994
0.928919
0.333934
0
1
0
0
-0.341743
-0.939793
-7.28099
15.5525
-0.956989
-7.68236
15.1822
-0.11926
-0.401372
-0.370284
0.83773
-0.901833
0
-0.432085
-0.159994
0.928919
0.333934
0
1
0
0
-0.341743
-0.939793
-7.32113
15.6155
-0.873217
-7.7225
15.2452
-0.0354869
-0.401372
-0.370284
0.83773
-0.901833
0
-0.432085
-0.159994
0.928919
0.333934
0
1
0
0
-0.341743
-0.939793
-7.36127
15.6784
-0.789444
-7.76264
15.3081
0.048286
-0.401372
-0.370284
0.83773
-0.901833
0
-0.432085
-0.159994
0.928919
0.333934
0
1
0
0
-0.341743
-0.939793
-7.4014
15.7414
-0.705671
-7.80278
15.3711
0.132059
-0.401372
-0.370284
0.83773
-0.901833
0
-0.432085
-0.159994
0.928919
0.333934
0
1
0
0
-0.341743
-0.939793
-7.44154
15.8044
-0.621898
-7.84291
15.4341
0.215832
-0.401372
-0.370284
0.83773
-0.901833
0
-0.432085
-0.159994
0.928919
0.333934
0
1
0
0
-0.341743
-0.939793
-7.48168
15.8673
-0.538125
-7.88305
15.4971
0.299605
-0.401372
-0.370284
0.83773
-0.901833
0
-0.432085
-0.159994
0.928919
0.333934
0
1
0
0
-0.341743
-0.939793
-7.52182
15.9303
-0.454352
-7.92319
15.56
0.383378
-0.401372
-0.370284
0.83773
-0.901833
0
-0.432085
-0.159994
0.928919
0.333934
0
1
0
0
-0.341743
-0.939793
-7.56195
15.9933
-0.370579
-7.96333
15.623
0.467151
-0.401372
-0.370284
0.83773
-0.901833
0
-0.432085
-0.159994
0.928919
0.333934
0
1
0
0
-0.341743
-0.939793
-7.60209
16.0563
-0.286806
-8.00346
15.686
0.550924
-0.401372
-0.370284
0.83773
-0.901833
0
-0.432085
-0.159994
0.928919
0.333934
0
1
0
0
-0.341743
-0.939793
-7.6422
16.1191
-0.203091
-8.04329
15.7472
0.634054
-0.401092
-0.371904
0.837145
-0.901833
0
-0.432085
-0.160694
0.928271
0.335396
0
1
0
0
-0.341743
-0.939793
-7.68214
16.1817
-0.119366
-8.08149
15.8082
0.717891
-0.39935
-0.373524
0.837257
-0.902586
0
-0.43051
-0.160806
0.927621
0.337137
0
1
0
0
-0.341743
-0.939793
-7.72181
16.2441
-0.0356242
-8.11855
15.8682
0.801789
-0.396737
-0.375951
0.837413
-0.90371
0
-0.428146
-0.160962
0.926639
0.339751
0
1
0
0
-0.341743
-0.939793
-7.76103
16.306
0.04811
-8.15327
15.9252
0.885452
-0.392239
-0.380798
0.837342
-0.905569
0
-0.424198
-0.161534
0.924658
0.344839
0
1
0
0
-0.341743
-0.939793
-7.79934
16.3669
0.131785
-8.18244
15.9756
0.968536
-0.383094
-0.391263
0.836751
-0.909237
0
-0.41628
-0.162875
0.920279
0.355751
0
1
0
0
-0.341743
-0.939793
-7.83693
16.427
0.215411
-8.21275
16.0277
1.05167
-0.375829
-0.399279
0.836259
-0.91212
0
-0.409922
-0.163673
0.91683
0.364191
0
1
0
0
-0.341743
-0.939793
-7.87298
16.4855
0.298933
-8.23355
16.0702
1.13415
-0.360565
-0.415219
0.835216
-0.918101
0
-0.396346
-0.164571
0.909722
0.381213
0
1
0
0
-0.341743
-0.939793
-7.9079
16.5429
0.382418
-8.25713
16.1174
1.21727
-0.349226
-0.425513
0.834853
-0.922538
0
-0.385905
-0.164208
0.904953
0.392552
0
1
0
0
-0.341743
-0.939793
-7.94169
16.5993
0.465841
-8.27959
16.1636
1.30007
-0.337899
-0.435751
0.834233
-0.926857
0
-0.375415
-0.163588
0.900067
0.403879
0
1
0
0
-0.341743
-0.939793
-7.97463
16.6551
0.549235
-8.30397
16.2123
1.38318
-0.329339
-0.442807
0.833941
-0.930097
0
-0.367313
-0.162649
0.896617
0.411854
0
1
0
0
-0.341743
-0.939793
-8.00707
16.7105
0.632656
-8.33147
16.2645
1.46686
-0.324405
-0.445934
0.834209
-0.932008
0
-0.362438
-0.161623
0.895066
0.415614
0
1
0
0
-0.341743
-0.939793
-8.03876
16.7653
0.716073
-8.35563
16.3139
1.55024
-0.31687
-0.451393
0.834169
-0.934826
0
-0.355106
-0.160293
0.892325
0.421974
0
1
0
0
-0.341743
-0.939793
-8.06995
16.8199
0.799507
-8.3819
16.3654
1.63384
-0.311945
-0.454505
0.834335
-0.936672
0
-0.350207
-0.159171
0.890744
0.425723
0
1
0
0
-0.341743
-0.939793
-8.10067
16.8742
0.88299
-8.40783
16.4174
1.71783
-0.30716
-0.456836
0.834838
-0.938493
0
-0.345298
-0.157744
0.889551
0.428737
0
1
0
0
-0.341743
-0.939793
-8.13106
16.9284
0.966506
-8.43503
16.47
1.80166
-0.30397
-0.458388
0.835154
-0.939693
0
-0.342019
-0.156777
0.888752
0.430744
0
1
0
0
-0.341743
-0.939793
-8.16114
16.9824
1.05005
-8.46192
16.5224
1.88551
-0.300782
-0.459938
0.835456
-0.940881
0
-0.338737
-0.155798
0.887951
0.432747
0
1
0
0
-0.341743
-0.939793
-8.18949
17.0357
1.13381
-8.47301
16.5688
1.97144
-0.283521
-0.466898
0.837629
-0.947211
0
-0.320612
-0.149693
0.884311
0.442251
0
1
0
0
-0.341743
-0.939793
-8.21753
17.0888
1.2176
-8.49786
16.6204
2.05544
-0.280336
-0.468441
0.837839
-0.948324
0
-0.317304
-0.148638
0.883495
0.444233
0
1
0
0
-0.341743
-0.939793
-8.24391
17.1413
1.30153
-8.50773
16.6659
2.14083
-0.263825
-0.475365
0.8393
-0.953979
0
-0.299873
-0.142549
0.879789
0.453488
0
1
0
0
-0.341743
-0.939793
-8.26778
17.1927
1.3856
-8.50646
16.7066
2.22629
-0.238683
-0.486078
0.84069
-0.96198
0
-0.273119
-0.132757
0.873916
0.467597
0
1
0
0
-0.341743
-0.939793
-8.28796
17.2424
1.46965
-8.48975
16.7396
2.31019
-0.201795
-0.502765
0.840539
-0.97237
0
-0.233445
-0.117368
0.864423
0.488874
0
1
0
0
-0.341743
-0.939793
-8.30726
17.2916
1.55359
-8.50029
16.7836
2.39302
-0.193025
-0.508036
0.839429
-0.974566
0
-0.2241
-0.113851
0.861336
0.495115
0
1
0
0
-0.341743
-0.939793
-8.32594
17.3405
1.6375
-8.51271
16.8295
2.47652
-0.186774
-0.51104
0.83902
-0.976107
0
-0.217291
-0.111044
0.859557
0.498829
0
1
0
0
-0.341743
-0.939793
-8.34406
17.3891
1.72134
-8.52533
16.8751
2.55973
-0.181267
-0.514037
0.838396
-0.977416
0
-0.211324
-0.108629
0.857768
0.502428
0
1
0
0
-0.341743
-0.939793
-8.36125
17.3372
1.80505
-8.53309
16.8179
2.64221
-0.171843
-0.519267
0.837157
-0.979575
0
-0.201077
-0.104413
0.854612
0.508661
0
1
0
0
-0.341743
-0.939793
-8.37827
17.2851
1.88871
-8.54847
16.7643
2.72527
-0.170201
-0.520758
0.836566
-0.979925
0
-0.199367
-0.103822
0.853704
0.510304
0
1
0
0
-0.341743
-0.939793
-8.39498
17.2329
1.97233
-8.56208
16.7106
2.8086
-0.167101
-0.522247
0.836263
-0.980615
0
-0.195945
-0.102332
0.852794
0.512123
0
1
0
0
-0.341743
-0.939793
-8.41169
17.1806
2.05596
-8.57879
16.6584
2.89222
-0.167101
-0.522247
0.836263
-0.980615
0
-0.195945
-0.102332
0.852794
0.512123
0
1
0
0
-0.341743
-0.939793
-8.4284
17.1284
2.13959
-8.5955
16.6062
2.97585
-0.167101
-0.522247
0.836263
-0.980615
0
-0.195945
-0.102332
0.852794
0.512123
0
1
0
0
-0.341743
-0.939793
-8.44511
17.0762
2.22321
-8.61221
16.5539
3.05948
-0.167101
-0.522247
0.836263
-0.980615
0
-0.195945
-0.102332
0.852794
0.512123
0
1
0
0
-0.341743
-0.939793
-8.46182
17.024
2.30684
-8.62892
16.5017
3.1431
-0.167101
-0.522247
0.836263
-0.980615
0
-0.195945
-0.102332
0.852794
0.512123
0
1
0
0
-0.341743
-0.939793
-8.47852
16.9717
2.39042
-8.64553
16.4487
3.22624
-0.167012
-0.522991
0.835815
-0.980615
0
-0.195945
-0.102478
0.852338
0.512853
0
1
0
0
-0.341743
-0.939793
-8.49514
16.9193
2.47397
-8.66133
16.3956
3.30948
-0.166193
-0.523735
0.835513
-0.980785
0
-0.19509
-0.102175
0.851881
0.513672
0
1
0
0
-0.341743
-0.939793
-8.51151
16.8667
2.55743
-8.67525
16.3407
3.39203
-0.163741
-0.525963
0.834597
-0.981293
0
-0.192521
-0.101259
0.850507
0.516124
0
1
0
0
-0.341743
-0.939793
-8.52781
16.814
2.64086
-8.69073
16.2873
3.47515
-0.162924
-0.526705
0.834288
-0.98146
0
-0.191665
-0.100951
0.850048
0.51694
0
1
0
0
-0.341743
-0.939793
-8.54402
16.7613
2.72426
-8.70613
16.2338
3.55824
-0.162108
-0.527447
0.833979
-0.981627
0
-0.190808
-0.100641
0.849588
0.517756
0
1
0
0
-0.341743
-0.939793
-8.56015
16.7085
2.80763
-8.72144
16.1803
3.64129
-0.161293
-0.528188
0.833668
-0.981794
0
-0.189951
-0.10033
0.849127
0.518572
0
1
0
0
-0.341743
-0.939793
-8.57612
16.6556
2.89097
-8.73587
16.1266
3.72447
-0.159751
-0.528929
0.833495
-0.982124
0
-0.188237
-0.0995642
0.848666
0.519474
0
1
0
0
-0.341743
-0.939793
-8.5921
16.6027
2.97432
-8.75185
16.0738
3.80782
-0.159751
-0.528929
0.833495
-0.982124
0
-0.188237
-0.0995642
0.848666
0.519474
0
1
0
0
-0.341743
-0.939793
-8.60799
16.5497
3.05764
-8.76693
16.02
3.89082
-0.158937
-0.529669
0.83318
-0.982287
0
-0.18738
-0.0992497
0.848204
0.520288
0
1
0
0
-0.341743
-0.939793
-8.62388
16.4967
3.14096
-8.78282
15.9671
3.97414
-0.158937
-0.529669
0.83318
-0.982287
0
-0.18738
-0.0992497
0.848204
0.520288
0
1
0
0
-0.341743
-0.939793
-8.63978
16.4438
3.22428
-8.79871
15.9141
4.05746
-0.158937
-0.529669
0.83318
-0.982287
0
-0.18738
-0.0992497
0.848204
0.520288
0
1
0
0
-0.341743
-0.939793
-8.65567
16.3908
3.3076
-8.81461
15.8611
4.14078
-0.158937
-0.529669
0.83318
-0.982287
0
-0.18738
-0.0992497
0.848204
0.520288
0
1
0
0
-0.341743
-0.939793
-8.67157
16.3378
3.39091
-8.8305
15.8082
4.22409
-0.158937
-0.529669
0.83318
-0.982287
0
-0.18738
-0.0992497
0.848204
0.520288
0
1
0
0
-0.341743
-0.939793
-8.68746
16.2849
3.47423
-8.8464
15.7552
4.30741
-0.158937
-0.529669
0.83318
-0.982287
0
-0.18738
-0.0992497
0.848204
0.520288
0
1
0
0
-0.341743
-0.939793
-8.70335
16.2318
3.5575
-8.8622
15.7014
4.39023
-0.15885
-0.530409
0.832726
-0.982287
0
-0.18738
-0.0993883
0.847742
0.521014
0
1
0
0
-0.341743
-0.939793
-8.71916
16.1788
3.64079
-8.87728
15.6484
4.47366
-0.158123
-0.530409
0.832864
-0.982451
0
-0.186523
-0.0989335
0.847742
0.521101
0
1
0
0
-0.341743
-0.939793
-8.73497
16.1258
3.72408
-8.89309
15.5953
4.55694
-0.158123
-0.530409
0.832864
-0.982451
0
-0.186523
-0.0989335
0.847742
0.521101
0
1
0
0
-0.341743
-0.939793
-8.75078
16.0727
3.80736
-8.9089
15.5423
4.64023
-0.158123
-0.530409
0.832864
-0.982451
0
-0.186523
-0.0989335
0.847742
0.521101
0
1
0
0
-0.341743
-0.939793
-8.76659
16.0197
3.89065
-8.92472
15.4893
4.72352
-0.158123
-0.530409
0.832864
-0.982451
0
-0.186523
-0.0989335
0.847742
0.521101
0
1
0
0
-0.341743
-0.939793
-8.7824
15.9666
3.97394
-8.94053
15.4362
4.8068
-0.158123
-0.530409
0.832864
-0.982451
0
-0.186523
-0.0989335
0.847742
0.521101
0
1
0
0
-0.341743
-0.939793
-8.79822
15.9136
4.05722
-8.95634
15.3832
4.89009
-0.158123
-0.530409
0.832864
-0.982451
0
-0.186523
-0.0989335
0.847742
0.521101
0
1
0
0
-0.341743
-0.939793
-8.81403
15.8605
4.14051
-8.97215
15.3301
4.97337
-0.158123
-0.530409
0.832864
-0.982451
0
-0.186523
-0.0989335
0.847742
0.521101
0
1
0
0
-0.341743
-0.939793
-8.82984
15.8075
4.2238
-8.98796
15.2771
5.05666
-0.158123
-0.530409
0.832864
-0.982451
0
-0.186523
-0.0989335
0.847742
0.521101
0
1
0
0
-0.341743
-0.939793
-8.84565
15.7545
4.30708
-9.00378
15.2241
5.13995
-0.158123
-0.530409
0.832864
-0.982451
0
-0.186523
-0.0989335
0.847742
0.521101
0
1
0
0
-0.341743
-0.939793
-8.86146
15.7014
4.39037
-9.01959
15.171
5.22323
-0.158123
-0.530409
0.832864
-0.982451
0
-0.186523
-0.0989335
0.847742
0.521101
0
1
0
0
-0.341743
-0.939793
-8.87728
15.6484
4.47366
-9.0354
15.118
5.30652
-0.158123
-0.530409
0.832864
-0.982451
0
-0.186523
-0.0989335
0.847742
0.521101
0
1
0
0
-0.341743
-0.939793
-8.89309
15.5953
4.55694
-9.05121
15.0649
5.38981
-0.158123
-0.530409
0.832864
-0.982451
0
-0.186523
-0.0989335
0.847742
0.521101
0
1
0
0
-0.341743
-0.939793
-8.9089
15.5423
4.64023
-9.06702
15.0119
5.47309
-0.158123
-0.530409
0.832864
-0.982451
0
-0.186523
-0.0989335
0.847742
0.521101
0
1
0
0
-0.341743
-0.939793
-8.92471
15.4893
4.72351
-9.08284
14.9589
5.55638
-0.158123
-0.530409
0.832864
-0.982451
0
-0.186523
-0.0989335
0.847742
0.521101
0
1
0
0
-0.341743
-0.939793
-8.94052
15.4362
4.8068
-9.09865
14.9058
5.63966
-0.158123
-0.530409
0.832864
-0.982451
0
-0.186523
-0.0989335
0.847742
0.521101
0
1
0
0
-0.341743
-0.939793
-8.95633
15.3831
4.89004
-9.11436
14.852
5.72245
-0.158037
-0.531149
0.832409
-0.982451
0
-0.186523
-0.0990714
0.847278
0.521828
0
1
0
0
-0.341743
-0.939793
-8.97212
15.3299
4.97324
-9.13007
14.798
5.80519
-0.15795
-0.531888
0.831954
-0.982451
0
-0.186523
-0.0992093
0.846815
0.522554
0
1
0
0
-0.341743
-0.939793
-8.98792
15.2767
5.05643
-9.14587
14.7448
5.88839
-0.15795
-0.531888
0.831954
-0.982451
0
-0.186523
-0.0992093
0.846815
0.522554
0
1
0
0
-0.341743
-0.939793
-9.00371
15.2235
5.13963
-9.16166
14.6917
5.97158
-0.15795
-0.531888
0.831954
-0.982451
0
-0.186523
-0.0992093
0.846815
0.522554
0
1
0
0
-0.341743
-0.939793
-9.01951
15.1704
5.22282
-9.17746
14.6385
6.05478
-0.15795
-0.531888
0.831954
-0.982451
0
-0.186523
-0.0992093
0.846815
0.522554
0
1
0
0
-0.341743
-0.939793
-9.03528
15.117
5.30593
-9.19306
14.5837
6.13697
-0.157777
-0.533365
0.83104
-0.982451
0
-0.186523
-0.0994848
0.845885
0.524005
0
1
0
0
-0.341743
-0.939793
-9.05106
15.0637
5.38903
-9.20884
14.5303
6.22007
-0.157777
-0.533365
0.83104
-0.982451
0
-0.186523
-0.0994848
0.845885
0.524005
0
1
0
0
-0.341743
-0.939793
-9.0669
15.0103
5.47207
-9.22532
14.4762
6.30252
-0.158415
-0.534103
0.830445
-0.982287
0
-0.18738
-0.10008
0.845419
0.524643
0
1
0
0
-0.341743
-0.939793
-9.08274
14.9568
5.55507
-9.24106
14.4219
6.38506
-0.158328
-0.534841
0.829987
-0.982287
0
-0.18738
-0.100219
0.844953
0.525367
0
1
0
0
-0.341743
-0.939793
-9.09864
14.9033
5.63806
-9.25769
14.3685
6.46791
-0.159052
-0.534841
0.829848
-0.982124
0
-0.188237
-0.100677
0.844953
0.52528
0
1
0
0
-0.341743
-0.939793
-9.11454
14.8497
5.721
-9.2735
14.3142
6.55039
-0.158964
-0.535578
0.829389
-0.982123
0
-0.188237
-0.100816
0.844486
0.526004
0
1
0
0
-0.341743
-0.939793
-9.13051
14.7962
5.80392
-9.29019
14.2606
6.63317
-0.159688
-0.535578
0.82925
-0.981959
0
-0.189095
-0.101275
0.844486
0.525916
0
1
0
0
-0.341743
-0.939793
-9.24467
14.7426
5.86794
-9.40436
14.2071
6.69719
-0.159688
-0.535578
0.82925
-0.981959
0
-0.189095
-0.101275
0.844486
0.525916
0
1
0
0
-0.341743
-0.939793
-9.35884
14.6891
5.93195
-9.51852
14.1535
6.7612
-0.159688
-0.535578
0.82925
-0.981959
0
-0.189095
-0.101275
0.844486
0.525916
0
1
0
0
-0.341743
-0.939793
-9.47299
14.6354
5.99592
-9.63259
14.0991
6.82471
-0.159599
-0.536315
0.828791
-0.981959
0
-0.189095
-0.101414
0.844018
0.526639
0
1
0
0
-0.341743
-0.939793
-9.58714
14.5817
6.05985
-9.74665
14.0447
6.88818
-0.159511
-0.537051
0.828331
-0.981959
0
-0.189095
-0.101553
0.84355
0.527362
0
1
0
0
-0.341743
-0.939793
-9.70129
14.528
6.12377
-9.8608
13.991
6.9521
-0.159511
-0.537051
0.828331
-0.981959
0
-0.189095
-0.101553
0.84355
0.527362
0
1
0
0
-0.341743
-0.939793
-9.81543
14.4743
6.18769
-9.97494
13.9373
7.01603
-0.159511
-0.537051
0.828331
-0.981959
0
-0.189095
-0.101553
0.84355
0.527362
0
1
0
0
-0.341743
-0.939793
-9.92957
14.4205
6.25157
-10.089
13.8828
7.07944
-0.159422
-0.537787
0.827871
-0.981959
0
-0.189095
-0.101693
0.843081
0.528085
0
1
0
0
-0.341743
-0.939793
-10.0437
14.3666
6.31536
-10.2029
13.8274
7.1423
-0.159244
-0.539258
0.826948
-0.981959
0
-0.189095
-0.101971
0.842141
0.529529
0
1
0
0
-0.341743
-0.939793
-10.1577
14.3124
6.37906
-10.3159
13.7702
7.20429
-0.158167
-0.542194
0.825233
-0.982124
0
-0.188237
-0.102061
0.840253
0.532502
0
1
0
0
-0.341743
-0.939793
-10.2717
14.2582
6.44286
-10.4291
13.716
7.26823
-0.157447
-0.542194
0.82537
-0.982287
0
-0.18738
-0.101597
0.840253
0.53259
0
1
0
0
-0.341743
-0.939793
-10.3857
14.204
6.50665
-10.5431
13.6618
7.33203
-0.157447
-0.542194
0.82537
-0.982287
0
-0.18738
-0.101597
0.840253
0.53259
0
1
0
0
-0.341743
-0.939793
-10.4013
14.1497
6.58916
-10.558
13.6067
7.4142
-0.156638
-0.542927
0.825042
-0.982451
0
-0.186523
-0.101268
0.83978
0.533399
0
1
0
0
-0.341743
-0.939793
-10.4168
14.0953
6.67164
-10.572
13.5516
7.49649
-0.15511
-0.54366
0.824848
-0.982775
0
-0.184808
-0.100473
0.839306
0.534295
0
1
0
0
-0.341743
-0.939793
-10.4323
14.0409
6.75414
-10.5867
13.4973
7.57913
-0.15439
-0.54366
0.824983
-0.982936
0
-0.18395
-0.100006
0.839306
0.534382
0
1
0
0
-0.341743
-0.939793
-10.4476
13.9866
6.83667
-10.6005
13.4429
7.66192
-0.15295
-0.54366
0.825252
-0.983255
0
-0.182234
-0.0990734
0.839306
0.534556
0
1
0
0
-0.341743
-0.939793
-10.4627
13.9321
6.91917
-10.6141
13.3877
7.74422
-0.151424
-0.544392
0.825051
-0.983572
0
-0.180518
-0.0982724
0.838831
0.535448
0
1
0
0
-0.341743
-0.939793
-10.4776
13.8777
7.00172
-10.6269
13.3333
7.82716
-0.149263
-0.544392
0.825444
-0.984041
0
-0.177942
-0.0968703
0.838831
0.535704
0
1
0
0
-0.341743
-0.939793
-10.4924
13.8233
7.08429
-10.6403
13.2789
7.90999
-0.147822
-0.544392
0.825703
-0.98435
0
-0.176224
-0.0959351
0.838831
0.535872
0
1
0
0
-0.341743
-0.939793
-10.5069
13.7687
7.16686
-10.6518
13.2236
7.99261
-0.144857
-0.545124
0.825746
-0.984959
0
-0.172787
-0.0941905
0.838356
0.536925
0
1
0
0
-0.341743
-0.939793
-10.5207
13.7141
7.24945
-10.6589
13.1675
8.07537
-0.13821
-0.546586
0.825919
-0.986286
0
-0.165046
-0.0902121
0.837403
0.53909
0
1
0
0
-0.341743
-0.939793
-10.5335
13.6593
7.33213
-10.6607
13.1112
8.15884
-0.127242
-0.548047
0.826713
-0.988362
0
-0.152122
-0.0833701
0.836448
0.541668
0
1
0
0
-0.341743
-0.939793
-10.5458
13.6045
7.41485
-10.6695
13.0564
8.24211
-0.123634
-0.548047
0.82726
-0.989016
0
-0.147808
-0.0810057
0.836448
0.542027
0
1
0
0
-0.341743
-0.939793
-10.558
13.5497
7.49761
-10.6794
13.0016
8.32519
-0.121468
-0.548047
0.827581
-0.9894
0
-0.145218
-0.0795865
0.836448
0.542237
0
1
0
0
-0.341743
-0.939793
-10.57
13.4948
7.58034
-10.6899
12.946
8.40766
-0.119954
-0.548777
0.827318
-0.989652
0
-0.143491
-0.0787446
0.835969
0.543098
0
1
0
0
-0.341743
-0.939793
-10.582
13.4399
7.66307
-10.7019
12.8911
8.49039
-0.119954
-0.548777
0.827318
-0.989652
0
-0.143491
-0.0787446
0.835969
0.543098
0
1
0
0
-0.341743
-0.939793
-10.5939
13.385
7.74582
-10.7131
12.8363
8.57324
-0.119232
-0.548777
0.827422
-0.989776
0
-0.142628
-0.0782707
0.835969
0.543166
0
1
0
0
-0.341743
-0.939793
-10.6057
13.3302
7.82857
-10.7242
12.7814
8.65609
-0.11851
-0.548777
0.827526
-0.9899
0
-0.141764
-0.0777966
0.835969
0.543234
0
1
0
0
-0.341743
-0.939793
-10.6174
13.2753
7.91135
-10.7337
12.7265
8.73919
-0.116343
-0.548777
0.827834
-0.990268
0
-0.139172
-0.0763742
0.835969
0.543436
0
1
0
0
-0.341743
-0.939793
-10.6288
13.2203
7.99411
-10.7437
12.6708
8.82167
-0.114832
-0.549506
0.827561
-0.99051
0
-0.137443
-0.0755258
0.83549
0.544291
0
1
0
0
-0.341743
-0.939793
-10.6402
13.1654
8.07688
-10.7536
12.6159
8.90464
-0.113388
-0.549506
0.82776
-0.990748
0
-0.135714
-0.0745756
0.83549
0.544422
0
1
0
0
-0.341743
-0.939793
-10.6515
13.1104
8.15967
-10.7641
12.5609
8.98753
-0.112665
-0.549506
0.827859
-0.990866
0
-0.134849
-0.0741005
0.83549
0.544487
0
1
0
0
-0.341743
-0.939793
-10.6627
13.0555
8.24247
-10.7746
12.506
9.07042
-0.111943
-0.549506
0.827957
-0.990983
0
-0.133985
-0.0736254
0.83549
0.544551
0
1
0
0
-0.341743
-0.939793
-10.6738
13.0005
8.32522
-10.7849
12.4502
9.1528
-0.111156
-0.550235
0.827578
-0.9911
0
-0.13312
-0.0732471
0.83501
0.545338
0
1
0
0
-0.341743
-0.939793
-10.6848
12.9454
8.40799
-10.7952
12.3952
9.23567
-0.110434
-0.550235
0.827675
-0.991216
0
-0.132255
-0.0727712
0.83501
0.545401
0
1
0
0
-0.341743
-0.939793
-10.6959
12.8904
8.49076
-10.8063
12.3402
9.31843
-0.110434
-0.550235
0.827675
-0.991216
0
-0.132255
-0.0727712
0.83501
0.545401
0
1
0
0
-0.341743
-0.939793
-10.7069
12.8354
8.57353
-10.8173
12.2852
9.4012
-0.110434
-0.550235
0.827675
-0.991216
0
-0.132255
-0.0727712
0.83501
0.545401
0
1
0
0
-0.341743
-0.939793
-10.7179
12.7804
8.65629
-10.8284
12.2301
9.48397
-0.110434
-0.550235
0.827675
-0.991216
0
-0.132255
-0.0727712
0.83501
0.545401
0
1
0
0
-0.341743
-0.939793
-10.729
12.7253
8.73906
-10.8394
12.1751
9.56674
-0.110434
-0.550235
0.827675
-0.991216
0
-0.132255
-0.0727712
0.83501
0.545401
0
1
0
0
-0.341743
-0.939793
-10.74
12.6703
8.82183
-10.8505
12.1201
9.6495
-0.110434
-0.550235
0.827675
-0.991216
0
-0.132255
-0.0727712
0.83501
0.545401
0
1
0
0
-0.341743
-0.939793
-10.7511
12.6153
8.9046
-10.8615
12.0651
9.73227
-0.110434
-0.550235
0.827675
-0.991216
0
-0.132255
-0.0727712
0.83501
0.545401
0
1
0
0
-0.341743
-0.939793
-10.7621
12.5603
8.98736
-10.8725
12.01
9.81504
-0.110434
-0.550235
0.827675
-0.991216
0
-0.132255
-0.0727712
0.83501
0.545401
0
1
0
0
-0.341743
-0.939793
-10.7732
12.5052
9.07013
-10.8836
11.955
9.89781
-0.110434
-0.550235
0.827675
-0.991216
0
-0.132255
-0.0727712
0.83501
0.545401
0
1
0
0
-0.341743
-0.939793
-10.7842
12.4502
9.1529
-10.8946
11.9
9.98057
-0.110434
-0.550235
0.827675
-0.991216
0
-0.132255
-0.0727712
0.83501
0.545401
0
1
0
0
-0.341743
-0.939793
-10.7952
12.3952
9.23567
-10.9057
11.845
10.0633
-0.110434
-0.550235
0.827675
-0.991216
0
-0.132255
-0.0727712
0.83501
0.545401
0
1
0
0
-0.341743
-0.939793
-10.8063
12.3402
9.31843
-10.9167
11.7899
10.1461
-0.110434
-0.550235
0.827675
-0.991216
0
-0.132255
-0.0727712
0.83501
0.545401
0
1
0
0
-0.341743
-0.939793
-10.8173
12.2852
9.4012
-10.9278
11.7349
10.2289
-0.110434
-0.550235
0.827675
-0.991216
0
-0.132255
-0.0727712
0.83501
0.545401
0
1
0
0
-0.341743
-0.939793
-10.8284
12.2301
9.48397
-10.9388
11.6799
10.3116
-0.110434
-0.550235
0.827675
-0.991216
0
-0.132255
-0.0727712
0.83501
0.545401
0
1
0
0
-0.341743
-0.939793
-10.8394
12.1751
9.56674
-10.9499
11.6249
10.3944
-0.110434
-0.550235
0.827675
-0.991216
0
-0.132255
-0.0727712
0.83501
0.545401
0
1
0
0
-0.341743
-0.939793
-10.8504
12.1201
9.64951
-10.9601
11.5698
10.4773
-0.109712
-0.550235
0.827771
-0.991331
0
-0.13139
-0.0722951
0.83501
0.545465
0
1
0
0
-0.341743
-0.939793
-10.8613
12.0651
9.7323
-10.9703
11.5148
10.5602
-0.108989
-0.550235
0.827867
-0.991445
0
-0.130524
-0.0718191
0.83501
0.545528
0
1
0
0
-0.341743
-0.939793
-10.8722
12.01
9.81509
-10.9812
11.4598
10.643
-0.108989
-0.550235
0.827867
-0.991445
0
-0.130524
-0.0718191
0.83501
0.545528
0
1
0
0
-0.341743
-0.939793
-10.8831
11.955
9.89787
-10.9921
11.4048
10.7257
-0.108989
-0.550235
0.827867
-0.991445
0
-0.130524
-0.0718191
0.83501
0.545528
0
1
0
0
-0.341743
-0.939793
-10.894
11.9
9.98066
-11.003
11.3498
10.8085
-0.108989
-0.550235
0.827867
-0.991445
0
-0.130524
-0.0718191
0.83501
0.545528
0
1
0
0
-0.341743
-0.939793
-10.9049
11.845
10.0634
-11.0139
11.2947
10.8913
-0.108989
-0.550235
0.827867
-0.991445
0
-0.130524
-0.0718191
0.83501
0.545528
0
1
0
0
-0.341743
-0.939793
-10.9158
11.7899
10.1462
-11.0248
11.2397
10.9741
-0.108989
-0.550235
0.827867
-0.991445
0
-0.130524
-0.0718191
0.83501
0.545528
0
1
0
0
-0.341743
-0.939793
-10.9266
11.7349
10.229
-11.0349
11.1847
11.057
-0.108267
-0.550235
0.827961
-0.991559
0
-0.129659
-0.0713429
0.83501
0.54559
0
1
0
0
-0.341743
-0.939793
-10.9374
11.6798
10.3118
-11.0448
11.1289
11.1394
-0.107482
-0.550963
0.827579
-0.991671
0
-0.128794
-0.0709606
0.83453
0.546374
0
1
0
0
-0.341743
-0.939793
-10.948
11.6247
10.3946
-11.054
11.0738
11.2223
-0.106037
-0.550963
0.827765
-0.991895
0
-0.127063
-0.0700068
0.83453
0.546498
0
1
0
0
-0.341743
-0.939793
-10.9585
11.5696
10.4773
-11.0638
11.0187
11.3052
-0.105315
-0.550963
0.827858
-0.992005
0
-0.126197
-0.0695299
0.83453
0.546558
0
1
0
0
-0.341743
-0.939793
-10.969
11.5145
10.5601
-11.0735
10.9636
11.3881
-0.104592
-0.550963
0.827949
-0.992115
0
-0.125331
-0.0690528
0.834529
0.546619
0
1
0
0
-0.341743
-0.939793
-10.9793
11.4594
10.643
-11.0824
10.9085
11.4711
-0.103147
-0.550963
0.82813
-0.992332
0
-0.123599
-0.0680986
0.83453
0.546739
0
1
0
0
-0.341743
-0.939793
-10.9895
11.4043
10.7258
-11.0919
10.8534
11.554
-0.102424
-0.550963
0.82822
-0.99244
0
-0.122733
-0.0676215
0.83453
0.546798
0
1
0
0
-0.341743
-0.939793
-10.9996
11.3492
10.8086
-11.1006
10.7983
11.637
-0.100979
-0.550963
0.828398
-0.992652
0
-0.121001
-0.066667
0.83453
0.546915
0
1
0
0
-0.341743
-0.939793
-11.0096
11.2941
10.8915
-11.1091
10.7432
11.72
-0.0995326
-0.550963
0.828573
-0.992862
0
-0.119268
-0.0657123
0.83453
0.547031
0
1
0
0
-0.341743
-0.939793
-11.0194
11.2391
10.9743
-11.1175
10.6881
11.8031
-0.0980862
-0.550963
0.828745
-0.993069
0
-0.117535
-0.0647573
0.83453
0.547144
0
1
0
0
-0.341743
-0.939793
-11.0289
11.184
11.0573
-11.1241
10.633
11.8863
-0.0951925
-0.550963
0.829083
-0.993473
0
-0.114067
-0.0628469
0.834529
0.547367
0
1
0
0
-0.341743
-0.939793
-11.0381
11.1289
11.1402
-11.1305
10.5787
11.9701
-0.0923512
-0.550235
0.829887
-0.993865
0
-0.110599
-0.0608554
0.83501
0.546859
0
1
0
0
-0.341743
-0.939793
-11.0471
11.0741
11.2234
-11.1366
10.5253
12.0545
-0.0895565
-0.548777
0.831158
-0.994245
0
-0.107129
-0.0587899
0.835969
0.545618
0
1
0
0
-0.341743
-0.939793
-11.0558
11.0192
11.3065
-11.1432
10.4704
12.1379
-0.0873804
-0.548777
0.83139
-0.994522
0
-0.104526
-0.0573613
0.835969
0.54577
0
1
0
0
-0.341743
-0.939793
-11.0644
10.9644
11.3897
-11.1504
10.4163
12.2217
-0.0859783
-0.548047
0.832017
-0.994703
0
-0.10279
-0.0563336
0.836448
0.545144
0
1
0
0
-0.341743
-0.939793
-11.0729
10.9096
11.4729
-11.1574
10.3615
12.3051
-0.0845259
-0.548047
0.832166
-0.994881
0
-0.101053
-0.055382
0.836448
0.545241
0
1
0
0
-0.341743
-0.939793
-11.081
10.8549
11.5563
-11.1628
10.3083
12.3897
-0.0817138
-0.546586
0.833407
-0.995228
0
-0.09758
-0.0533359
0.837403
0.543978
0
1
0
0
-0.341743
-0.939793
-11.0889
10.8003
11.6397
-11.1678
10.2545
12.4738
-0.0788492
-0.545855
0.834161
-0.995562
0
-0.0941057
-0.0513681
0.83788
0.543433
0
1
0
0
-0.341743
-0.939793
-11.0964
10.7459
11.7232
-11.1709
10.2015
12.5587
-0.0745649
-0.544392
0.83551
-0.996041
0
-0.0888915
-0.0483918
0.838831
0.542237
0
1
0
0
-0.341743
-0.939793
-11.1033
10.6916
11.8069
-11.1721
10.1487
12.6439
-0.0688081
-0.542927
0.836956
-0.996638
0
-0.0819359
-0.0444852
0.83978
0.541102
0
1
0
0
-0.341743
-0.939793
-11.1099
10.6374
11.8907
-11.1758
10.0952
12.7284
-0.0659233
-0.542194
0.837663
-0.996917
0
-0.0784564
-0.0425386
0.840253
0.540523
0
1
0
0
-0.341743
-0.939793
-11.1157
10.5835
11.9747
-11.1737
10.045
12.8154
-0.0580419
-0.538523
0.84061
-0.997625
0
-0.0688833
-0.0370952
0.842611
0.537243
0
1
0
0
-0.341743
-0.939793
-11.1202
10.5303
12.0593
-11.166
9.99763
12.9044
-0.0457672
-0.532627
0.845112
-0.998537
0
-0.0540759
-0.0288023
0.84635
0.531848
0
1
0
0
-0.341743
-0.939793
-11.1244
10.4772
12.1439
-11.1666
9.94681
12.9906
-0.0421485
-0.530409
0.846693
-0.998763
0
-0.0497185
-0.0263712
0.847742
0.529753
0
1
0
0
-0.341743
-0.939793
-11.1284
10.4243
12.2287
-11.1684
9.89458
13.0759
-0.0399536
-0.529669
0.847263
-0.99889
0
-0.0471038
-0.0249494
0.848204
0.529081
0
1
0
0
-0.341743
-0.939793
-11.1322
10.3714
12.3134
-11.17
9.84243
13.1613
-0.037756
-0.528929
0.847826
-0.99901
0
-0.0444887
-0.0235313
0.848666
0.528405
0
1
0
0
-0.341743
-0.939793
-11.1358
10.3185
12.3983
-11.1721
9.79035
13.2466
-0.0362958
-0.528188
0.848351
-0.999086
0
-0.0427449
-0.0225773
0.849127
0.527705
0
1
0
0
-0.341743
-0.939793
-11.1393
10.2658
12.4832
-11.1742
9.73835
13.332
-0.0348339
-0.527447
0.848874
-0.999159
0
-0.0410009
-0.0216258
0.849588
0.527003
0
1
0
0
-0.341743
-0.939793
-11.1427
10.2131
12.5681
-11.1769
9.68642
13.4175
-0.0341116
-0.526705
0.849363
-0.999194
0
-0.040129
-0.0211362
0.850048
0.526281
0
1
0
0
-0.341743
-0.939793
-11.1461
10.1605
12.653
-11.1795
9.63375
13.5024
-0.0333702
-0.526705
0.849393
-0.999229
0
-0.0392569
-0.0206768
0.850048
0.526299
0
1
0
0
-0.341743
-0.939793
-11.1492
10.1079
12.738
-11.1804
9.58189
13.588
-0.0311632
-0.525963
0.849936
-0.999328
0
-0.0366407
-0.0192717
0.850507
0.52561
0
1
0
0
-0.341743
-0.939793
-11.1522
10.0553
12.8231
-11.1827
9.53011
13.6735
-0.0304377
-0.525221
0.850421
-0.99936
0
-0.0357684
-0.0187863
0.850966
0.524885
0
1
0
0
-0.341743
-0.939793
-11.1552
10.0029
12.9082
-11.1849
9.47841
13.7591
-0.0297116
-0.524478
0.850905
-0.999391
0
-0.0348964
-0.0183024
0.851424
0.524159
0
1
0
0
-0.341743
-0.939793
-11.1581
9.95051
12.9933
-11.1871
9.42678
13.8447
-0.0289844
-0.523735
0.851388
-0.999421
0
-0.034024
-0.0178196
0.851881
0.523432
0
1
0
0
-0.341743
-0.939793
-11.1608
9.89829
13.0785
-11.1876
9.37604
13.9309
-0.0267842
-0.522247
0.852373
-0.999507
0
-0.0314076
-0.0164025
0.852794
0.52199
0
1
0
0
-0.341743
-0.939793
-11.1632
9.84629
13.1639
-11.1878
9.32627
14.0177
-0.024592
-0.520013
0.853804
-0.999585
0
-0.0287909
-0.0149717
0.854158
0.519797
0
1
0
0
-0.341743
-0.939793
-11.1656
9.79436
13.2493
-11.1895
9.27509
14.1036
-0.0238596
-0.519267
0.854279
-0.99961
0
-0.0279187
-0.0144973
0.854612
0.519065
0
1
0
0
-0.341743
-0.939793
-11.1679
9.74251
13.3348
-11.1903
9.22399
14.1896
-0.0223803
-0.518521
0.854772
-0.999657
0
-0.0261739
-0.0135717
0.855065
0.518344
0
1
0
0
-0.341743
-0.939793
-11.17
9.69081
13.4204
-11.1917
9.17378
14.2761
-0.0216571
-0.517028
0.855694
-0.99968
0
-0.0253013
-0.0130815
0.855968
0.516863
0
1
0
0
-0.341743
-0.939793
-11.1722
9.6391
13.506
-11.1939
9.12208
14.3617
-0.0216571
-0.517028
0.855694
-0.99968
0
-0.0253013
-0.0130815
0.855968
0.516863
0
1
0
0
-0.341743
-0.939793
-11.1743
9.5874
13.5915
-11.1952
9.07037
14.4472
-0.0209104
-0.517028
0.855713
-0.999702
0
-0.0244289
-0.0126305
0.855968
0.516874
0
1
0
0
-0.341743
-0.939793
-11.1764
9.53577
13.6772
-11.1973
9.01949
14.5333
-0.0209214
-0.516281
0.856164
-0.999701
0
-0.0244289
-0.0126122
0.856419
0.516127
0
1
0
0
-0.341743
-0.939793
-11.1785
9.48414
13.7628
-11.1994
8.96786
14.6189
-0.0209214
-0.516281
0.856164
-0.999701
0
-0.0244289
-0.0126122
0.856419
0.516127
0
1
0
0
-0.341743
-0.939793
-11.1805
9.43252
13.8484
-11.2007
8.91623
14.7046
-0.0201741
-0.516281
0.856182
-0.999722
0
-0.0235563
-0.0121617
0.856419
0.516138
0
1
0
0
-0.341743
-0.939793
-11.1824
9.38089
13.934
-11.2019
8.86461
14.7902
-0.019427
-0.516281
0.856199
-0.999743
0
-0.022684
-0.0117113
0.856419
0.516148
0
1
0
0
-0.341743
-0.939793
-11.184
9.32948
14.0198
-11.1997
8.81545
14.8774
-0.0157157
-0.514037
0.857624
-0.999832
0
-0.0183216
-0.00941798
0.857768
0.513951
0
1
0
0
-0.341743
-0.939793
-11.1854
9.27816
14.1056
-11.1988
8.76487
14.9637
-0.0134775
-0.513288
0.85811
-0.999877
0
-0.0157041
-0.00806075
0.858216
0.513225
0
1
0
0
-0.341743
-0.939793
-11.1863
9.22705
14.1915
-11.1961
8.71601
15.051
-0.00974824
-0.51104
0.859502
-0.999936
0
-0.011341
-0.0057957
0.859557
0.511007
0
1
0
0
-0.341743
-0.939793
-11.1867
9.17617
14.2776
-11.1905
8.66739
15.1385
-0.00375357
-0.508788
0.860884
-0.999991
0
-0.0043601
-0.00221836
0.860892
0.508783
0
1
0
0
-0.341743
-0.939793
-11.1865
9.12552
14.3638
-11.1842
8.61899
15.2261
0.0022599
-0.506532
0.862218
-0.999997
0
0.00262102
0.00132763
0.862221
0.50653
0
1
0
0
-0.341743
-0.939793
-11.1857
9.07524
14.4503
-11.1774
8.57248
15.3147
0.0083002
-0.502765
0.864383
-0.999954
0
0.00960201
0.00482756
0.864423
0.502742
0
1
0
0
-0.341743
-0.939793
-11.1846
9.02497
14.5367
-11.174
8.5222
15.4011
0.0105632
-0.502765
0.864358
-0.999925
0
0.0122199
0.00614376
0.864423
0.502728
0
1
0
0
-0.341743
-0.939793
-11.1833
8.97484
14.6232
-11.1705
8.47359
15.4884
0.0128389
-0.501256
0.865204
-0.99989
0
0.0148375
0.00743739
0.865299
0.501201
0
1
0
0
-0.341743
-0.939793
-11.1816
8.92494
14.7099
-11.1642
8.42595
15.5763
0.0173951
-0.498989
0.866434
-0.999798
0
0.0200726
0.010016
0.866609
0.498888
0
1
0
0
-0.341743
-0.939793
-11.1791
8.87535
14.7967
-11.1541
8.37939
15.6647
0.0250056
-0.495961
0.867985
-0.999585
0
0.0287968
0.0142821
0.868345
0.495755
0
1
0
0
-0.341743
-0.939793
-11.176
8.82598
14.8836
-11.1457
8.33229
15.7527
0.0303526
-0.493686
0.869111
-0.999391
0
0.0349025
0.0172309
0.86964
0.493385
0
1
0
0
-0.341743
-0.939793
-11.1719
8.77699
14.9707
-11.1309
8.2871
15.8415
0.0410693
-0.489886
0.870818
-0.99889
0
0.0471094
0.0230783
0.871786
0.489342
0
1
0
0
-0.341743
-0.939793
-11.1676
8.72808
15.0578
-11.1242
8.23895
15.9289
0.0433701
-0.489125
0.871135
-0.998763
0
0.0497242
0.0243214
0.872213
0.48852
0
1
0
0
-0.341743
-0.939793
-11.1619
8.67962
15.1451
-11.1047
8.19507
16.018
0.0572145
-0.484552
0.872889
-0.997859
0
0.0654057
0.0316925
0.874763
0.483514
0
1
0
0
-0.341743
-0.939793
-11.1515
8.63262
15.2327
-11.0477
8.16264
16.1093
0.10375
-0.469982
0.876558
-0.993068
0
0.11754
0.0552416
0.882676
0.466724
0
1
0
0
-0.341743
-0.939793
-11.1394
8.58609
15.3204
-11.0185
8.12073
16.1972
0.120893
-0.465354
0.87683
-0.990629
0
0.136583
0.0635594
0.885125
0.460993
0
1
0
0
-0.341743
-0.939793
-11.1265
8.53978
15.4081
-10.997
8.07675
16.2849
0.129482
-0.463035
0.876831
-0.989272
0
0.146086
0.0676428
0.88634
0.458067
0
1
0
0
-0.341743
-0.939793
-11.1126
8.49379
15.4958
-10.9745
8.03385
16.3729
0.138143
-0.459938
0.877139
-0.987824
0
0.155575
0.071555
0.887951
0.454338
0
1
0
0
-0.341743
-0.939793
-11.098
8.44803
15.5835
-10.9521
7.99042
16.4606
0.14599
-0.457612
0.877085
-0.986429
0
0.16419
0.0751351
0.889152
0.451402
0
1
0
0
-0.341743
-0.939793
-11.0831
8.40242
15.6712
-10.9339
7.94636
16.5486
0.149184
-0.456059
0.877356
-0.98585
0
0.167632
0.0764501
0.889949
0.449606
0
1
0
0
-0.341743
-0.939793
-11.068
8.35689
15.759
-10.9164
7.90161
16.6363
0.151548
-0.455283
0.877355
-0.985407
0
0.170212
0.0774946
0.890347
0.448639
0
1
0
0
-0.341743
-0.939793
-11.0523
8.31152
15.8467
-10.8961
7.85779
16.724
0.156279
-0.453728
0.87733
-0.984503
0
0.17537
0.07957
0.89114
0.446696
0
1
0
0
-0.341743
-0.939793
-11.0344
8.26669
15.9343
-10.8546
7.81842
16.8099
0.179745
-0.448276
0.875637
-0.979575
0
0.201081
0.0901395
0.893895
0.43912
0
1
0
0
-0.341743
-0.939793
-11.0142
8.22226
16.0216
-10.8127
7.77789
16.8945
0.201523
-0.444371
0.872882
-0.97437
0
0.224954
0.0999629
0.895843
0.432982
0
1
0
0
-0.341743
-0.939793
-10.9917
8.17837
16.1086
-10.7667
7.73948
16.9785
0.224979
-0.438891
0.869919
-0.968147
0
0.250383
0.109891
0.898541
0.424911
0
1
0
0
-0.341743
-0.939793
-10.9684
8.13479
16.1955
-10.7346
7.69904
17.0647
0.233715
-0.435751
0.869194
-0.965699
0
0.259664
0.113149
0.900067
0.420805
0
1
0
0
-0.341743
-0.939793
-10.9438
8.09193
16.2824
-10.6978
7.66326
17.1517
0.245997
-0.428669
0.869326
-0.962217
0
0.272283
0.116719
0.903462
0.412473
0
1
0
0
-0.341743
-0.939793
-10.9191
8.04969
16.3696
-10.6723
7.62734
17.2418
0.246806
-0.422351
0.872185
-0.962217
0
0.272283
0.114999
0.906432
0.406394
0
1
0
0
-0.341743
-0.939793
-10.8944
8.00761
16.4569
-10.6482
7.58684
17.3301
0.246244
-0.420768
0.873108
-0.962455
0
0.271443
0.114215
0.907168
0.404971
0
1
0
0
-0.341743
-0.939793
-10.8698
7.96554
16.5443
-10.6236
7.54477
17.4174
0.246244
-0.420768
0.873108
-0.962455
0
0.271443
0.114215
0.907168
0.404971
0
1
0
0
-0.341743
-0.939793
-10.8452
7.92346
16.6316
-10.599
7.50269
17.5047
0.246244
-0.420768
0.873108
-0.962455
0
0.271443
0.114215
0.907168
0.404971
0
1
0
0
-0.341743
-0.939793
-10.8206
7.88138
16.7189
-10.5743
7.46061
17.592
0.246244
-0.420768
0.873108
-0.962455
0
0.271443
0.114215
0.907168
0.404971
0
1
0
0
-0.341743
-0.939793
-10.7959
7.8393
16.8062
-10.5497
7.41854
17.6793
0.246244
-0.420768
0.873108
-0.962455
0
0.271443
0.114215
0.907168
0.404971
0
1
0
0
-0.341743
-0.939793
-10.7713
7.79723
16.8935
-10.5251
7.37646
17.7666
0.246244
-0.420768
0.873108
-0.962455
0
0.271443
0.114215
0.907168
0.404971
0
1
0
0
-0.341743
-0.939793
-10.7467
7.75515
16.9808
-10.5005
7.33438
17.8539
0.246244
-0.420768
0.873108
-0.962455
0
0.271443
0.114215
0.907168
0.404971
0
1
0
0
-0.341743
-0.939793
-10.7221
7.71307
17.0681
-10.4758
7.2923
17.9412
0.246244
-0.420768
0.873108
-0.962455
0
0.271443
0.114215
0.907168
0.404971
0
1
0
0
-0.341743
-0.939793
-10.6974
7.671
17.1554
-10.4512
7.25023
18.0285
0.246244
-0.420768
0.873108
-0.962455
0
0.271443
0.114215
0.907168
0.404971
0
1
0
0
-0.341743
-0.939793
-10.6728
7.62892
17.2427
-10.4266
7.20815
18.1158
0.246244
-0.420768
0.873108
-0.962455
0
0.271443
0.114215
0.907168
0.404971
0
1
0
0
-0.341743
-0.939793
-10.6482
7.58684
17.3301
-10.402
7.16607
18.2032
0.246244
-0.420768
0.873108
-0.962455
0
0.271443
0.114215
0.907168
0.404971
0
1
0
0
-0.341743
-0.939793
-10.6236
7.54477
17.4174
-10.3773
7.124
18.2905
0.246244
-0.420768
0.873108
-0.962455
0
0.271443
0.114215
0.907168
0.404971
0
1
0
0
-0.341743
-0.939793
-10.5989
7.50269
17.5047
-10.3527
7.08192
18.3778
0.246244
-0.420768
0.873108
-0.962455
0
0.271443
0.114215
0.907168
0.404971
0
1
0
0
-0.341743
-0.939793
-10.5743
7.46061
17.592
-10.3281
7.03984
18.4651
0.246244
-0.420768
0.873108
-0.962455
0
0.271443
0.114215
0.907168
0.404971
0
1
0
0
-0.341743
-0.939793
-10.5497
7.41853
17.6793
-10.3035
6.99777
18.5524
0.246244
-0.420768
0.873108
-0.962455
0
0.271443
0.114215
0.907168
0.404971
0
1
0
0
-0.341743
-0.939793
-10.5251
7.37646
17.7666
-10.2788
6.95569
18.6397
0.246244
-0.420768
0.873108
-0.962455
0
0.271443
0.114215
0.907168
0.404971
0
1
0
0
-0.341743
-0.939793
-10.5004
7.33438
17.8539
-10.2542
6.91361
18.727
0.246244
-0.420768
0.873108
-0.962455
0
0.271443
0.114215
0.907168
0.404971
0
1
0
0
-0.341743
-0.939793
-10.4758
7.2923
17.9412
-10.2296
6.87153
18.8143
0.246244
-0.420768
0.873108
-0.962455
0
0.271443
0.114215
0.907168
0.404971
0
1
0
0
-0.341743
-0.939793
-10.4512
7.25023
18.0285
-10.205
6.82946
18.9016
0.246244
-0.420768
0.873108
-0.962455
0
0.271443
0.114215
0.907168
0.404971
0
1
0
0
-0.341743
-0.939793
-10.4266
7.20815
18.1158
-10.1803
6.78738
18.989
0.246244
-0.420768
0.873108
-0.962455
0
0.271443
0.114215
0.907168
0.404971
0
1
0
0
-0.341743
-0.939793
-10.4019
7.16607
18.2032
-10.1557
6.7453
19.0763
0.246244
-0.420768
0.873108
-0.962455
0
0.271443
0.114215
0.907168
0.404971
0
1
0
0
-0.341743
-0.939793
-10.3773
7.12399
18.2905
-10.1311
6.70323
19.1636
0.246244
-0.420768
0.873108
-0.962455
0
0.271443
0.114215
0.907168
0.404971
0
1
0
0
-0.341743
-0.939793
-10.3527
7.08192
18.3778
-10.1065
6.66115
19.2509
0.246244
-0.420768
0.873108
-0.962455
0
0.271443
0.114215
0.907168
0.404971
0
1
0
0
-0.341743
-0.939793
-10.3281
7.03984
18.4651
-10.0818
6.61907
19.3382
0.246244
-0.420768
0.873108
-0.962455
0
0.271443
0.114215
0.907168
0.404971
0
1
0
0
-0.341743
-0.939793
-10.3034
6.99776
18.5524
-10.0572
6.57699
19.4255
0.246244
-0.420768
0.873108
-0.962455
0
0.271443
0.114215
0.907168
0.404971
0
1
0
0
-0.341743
-0.939793
-10.2788
6.95569
18.6397
-10.0326
6.53492
19.5128
0.246244
-0.420768
0.873108
-0.962455
0
0.271443
0.114215
0.907168
0.404971
0
1
0
0
-0.341743
-0.939793
-10.2546
6.91369
18.7272
-10.0129
6.49371
19.6019
0.241767
-0.419977
0.874739
-0.963863
0
0.2664
0.111882
0.907535
0.4048
0
1
0
0
-0.341743
-0.939793
-10.2305
6.87169
18.8147
-9.9887
6.45171
19.6894
0.241767
-0.419977
0.874739
-0.963863
0
0.2664
0.111882
0.907535
0.4048
0
1
0
0
-0.341743
-0.939793
-10.2063
6.82977
18.9022
-9.96442
6.41059
19.7773
0.241865
-0.419185
0.875092
-0.963863
0
0.2664
0.111671
0.907901
0.404036
0
1
0
0
-0.341743
-0.939793
-10.1819
6.78785
18.9896
-9.93855
6.36867
19.8643
0.243392
-0.419185
0.874668
-0.963396
0
0.268082
0.112376
0.907901
0.403841
0
1
0
0
-0.341743
-0.939793
-10.1575
6.74594
19.0771
-9.91338
6.32675
19.9515
0.244155
-0.419185
0.874456
-0.963162
0
0.268922
0.112728
0.907901
0.403743
0
1
0
0
-0.341743
-0.939793
-10.133
6.70402
19.1645
-9.88728
6.28483
20.0385
0.245681
-0.419185
0.874028
-0.962691
0
0.270603
0.113433
0.907901
0.403545
0
1
0
0
-0.341743
-0.939793
-10.1082
6.6621
19.2518
-9.8602
6.24291
20.1252
0.247968
-0.419185
0.873382
-0.961979
0
0.273122
0.114489
0.907901
0.403247
0
1
0
0
-0.341743
-0.939793
-10.0831
6.62018
19.3391
-9.83205
6.201
20.2116
0.251015
-0.419185
0.872511
-0.96102
0
0.276479
0.115896
0.907901
0.402845
0
1
0
0
-0.341743
-0.939793
-10.0576
6.57826
19.4262
-9.80276
6.15908
20.2976
0.25482
-0.419185
0.871408
-0.959804
0
0.280669
0.117652
0.907901
0.402335
0
1
0
0
-0.341743
-0.939793
-10.0317
6.53634
19.5132
-9.7731
6.11716
20.3835
0.25862
-0.419185
0.870287
-0.958571
0
0.284855
0.119407
0.907901
0.401818
0
1
0
0
-0.341743
-0.939793
-10.0048
6.49443
19.6
-9.73556
6.07524
20.467
0.269233
-0.419185
0.867063
-0.955019
0
0.296544
0.124307
0.907901
0.400329
0
1
0
0
-0.341743
-0.939793
-9.97665
6.45259
19.6863
-9.69523
6.03419
20.5499
0.281426
-0.418392
0.863567
-0.950786
0
0.309849
0.129639
0.908267
0.397801
0
1
0
0
-0.341743
-0.939793
-9.94692
6.41083
19.7722
-9.6496
5.99323
20.6308
0.297323
-0.417599
0.858609
-0.944948
0
0.32722
0.136647
0.908631
0.39461
0
1
0
0
-0.341743
-0.939793
-9.91576
6.36915
19.8576
-9.60411
5.95234
20.7115
0.311642
-0.416806
0.853904
-0.939393
0
0.342842
0.142899
0.908995
0.391545
0
1
0
0
-0.341743
-0.939793
-9.88339
6.32755
19.9425
-9.55973
5.91153
20.7924
0.323664
-0.416013
0.849809
-0.934514
0
0.355925
0.148069
0.909359
0.38877
0
1
0
0
-0.341743
-0.939793
-9.85058
6.28594
20.0274
-9.52247
5.86993
20.8755
0.328109
-0.416013
0.848103
-0.932638
0
0.360814
0.150103
0.909359
0.387989
0
1
0
0
-0.341743
-0.939793
-9.81755
6.24434
20.1121
-9.48722
5.82833
20.9593
0.330328
-0.416013
0.847241
-0.93169
0
0.363254
0.151118
0.909359
0.387595
0
1
0
0
-0.341743
-0.939793
-9.78444
6.20274
20.1968
-9.45337
5.78673
21.0437
0.331067
-0.416013
0.846952
-0.931373
0
0.364067
0.151456
0.909359
0.387463
0
1
0
0
-0.341743
-0.939793
-9.75119
6.16114
20.2814
-9.41864
5.74513
21.1278
0.332545
-0.416013
0.846373
-0.930736
0
0.365692
0.152132
0.909359
0.387198
0
1
0
0
-0.341743
-0.939793
-9.71756
6.11954
20.3659
-9.38133
5.70353
21.2108
0.336235
-0.416013
0.844914
-0.929132
0
0.369749
0.15382
0.909359
0.386531
0
1
0
0
-0.341743
-0.939793
-9.68341
6.07802
20.4502
-9.34188
5.6628
21.2934
0.341526
-0.415219
0.84318
-0.926856
0
0.375418
0.155881
0.909721
0.384848
0
1
0
0
-0.341743
-0.939793
-9.64859
6.0365
20.5343
-9.30046
5.62128
21.3747
0.348138
-0.415219
0.840472
-0.923878
0
0.382686
0.158899
0.909721
0.383612
0
1
0
0
-0.341743
-0.939793
-9.61312
5.99497
20.618
-9.25839
5.57975
21.4557
0.354728
-0.415219
0.837712
-0.920844
0
0.38993
0.161907
0.909721
0.382352
0
1
0
0
-0.341743
-0.939793
-9.57528
5.95369
20.7009
-9.19685
5.54085
21.5294
0.37843
-0.412836
0.828467
-0.909598
0
0.41549
0.171529
0.910805
0.375515
0
1
0
0
-0.341743
-0.939793
-9.53568
5.91257
20.783
-9.13967
5.50132
21.604
0.39601
-0.411246
0.821007
-0.900697
0
0.434448
0.178665
0.911524
0.370408
0
1
0
0
-0.341743
-0.939793
-9.49268
5.87176
20.8635
-9.06266
5.4637
21.6689
0.430015
-0.408061
0.80534
-0.882125
0
0.471014
0.192203
0.912954
0.359961
0
1
0
0
-0.341743
-0.939793
-9.4481
5.83111
20.9433
-9.00236
5.42464
21.7408
0.445743
-0.406467
0.797557
-0.872921
0
0.487862
0.1983
0.913665
0.354814
0
1
0
0
-0.341743
-0.939793
-9.3996
5.7911
21.021
-8.91462
5.39103
21.7987
0.484985
-0.400079
0.777642
-0.848509
0
0.529182
0.211715
0.916481
0.33947
0
1
0
0
-0.341743
-0.939793
-9.34452
5.75206
21.0948
-8.79369
5.3616
21.8325
0.550832
-0.39046
0.737649
-0.801252
0
0.598327
0.233623
0.92062
0.312857
0
1
0
0
-0.341743
-0.939793
-9.28706
5.71333
21.1669
-8.71249
5.32609
21.888
0.574576
-0.387244
0.721044
-0.782063
0
0.6232
0.24133
0.921977
0.302849
0
1
0
0
-0.341743
-0.939793
-9.22917
5.67461
21.2387
-8.6502
5.28737
21.9562
0.57897
-0.387244
0.717521
-0.778241
0
0.627966
0.243176
0.921977
0.301369
0
1
0
0
-0.341743
-0.939793
-9.16772
5.63629
21.3076
-8.55327
5.25307
21.9973
0.614448
-0.383217
0.689636
-0.746636
0
0.665233
0.254929
0.923658
0.286124
0
1
0
0
-0.341743
-0.939793
-9.10466
5.59821
21.3752
-8.47404
5.21741
22.0515
0.630618
-0.380798
0.67625
-0.731351
0
0.682001
0.259705
0.924658
0.278497
0
1
0
0
-0.341743
-0.939793
-9.03841
5.56037
21.4399
-8.37593
5.18199
22.0864
0.662485
-0.378376
0.646487
-0.698413
0
0.715695
0.270802
0.925652
0.264263
0
1
0
0
-0.341743
-0.939793
-8.97083
5.52269
21.5032
-8.29502
5.14594
22.1368
0.675807
-0.37676
0.633512
-0.683908
0
0.729568
0.274872
0.926311
0.257669
0
1
0
0
-0.341743
-0.939793
-8.90197
5.4851
21.5653
-8.21334
5.10915
22.1853
0.688629
-0.375951
0.620041
-0.669128
0
0.743147
0.279387
0.926639
0.25156
0
1
0
0
-0.341743
-0.939793
-8.83078
5.44783
21.6248
-8.11889
5.07511
22.22
0.71189
-0.372714
0.595228
-0.641447
0
0.767167
0.285934
0.927946
0.239077
0
1
0
0
-0.341743
-0.939793
-8.75788
5.41064
21.6822
-8.02889
5.03873
22.2569
0.728989
-0.371904
0.574685
-0.619092
0
0.785319
0.292064
0.928271
0.230243
0
1
0
0
-0.341743
-0.939793
-8.68301
5.37361
21.7372
-7.93437
5.00333
22.2872
0.748644
-0.370284
0.54993
-0.592011
0
0.80593
0.298423
0.928919
0.219212
0
1
0
0
-0.341743
-0.939793
-8.60645
5.33674
21.79
-7.84083
4.96808
22.3171
0.76562
-0.368662
0.527177
-0.567123
0
0.823633
0.303642
0.929564
0.209077
0
1
0
0
-0.341743
-0.939793
-8.52804
5.30004
21.84
-7.74395
4.933
22.3405
0.784093
-0.367039
0.500481
-0.538033
0
0.842924
0.309386
0.930206
0.197479
0
1
0
0
-0.341743
-0.939793
-8.44634
5.26366
21.8847
-7.62929
4.89987
22.3321
0.817046
-0.36379
0.447317
-0.480221
0
0.877148
0.319097
0.931481
0.174699
0
1
0
0
-0.341743
-0.939793
-8.36287
5.22769
21.9264
-7.52821
4.86797
22.3435
0.834665
-0.359722
0.417055
-0.446976
0
0.894546
0.321788
0.93306
0.160787
0
1
0
0
-0.341743
-0.939793
-8.27816
5.19204
21.9659
-7.43104
4.83558
22.36
0.847118
-0.356463
0.394114
-0.421824
0
0.906678
0.323197
0.93431
0.150365
0
1
0
0
-0.341743
-0.939793
-8.19275
5.15656
22.0039
-7.33865
4.80173
22.3841
0.854103
-0.354832
0.380268
-0.406734
0
0.913547
0.324155
0.93493
0.144322
0
1
0
0
-0.341743
-0.939793
-8.10501
5.12181
22.0369
-7.22756
4.77433
22.3676
0.877445
-0.347478
0.330681
-0.352655
0
0.935753
0.325153
0.937688
0.12254
0
1
0
0
-0.341743
-0.939793
-8.0161
5.08747
22.0672
-7.12701
4.74409
22.3699
0.88909
-0.343383
0.302667
-0.322262
0
0.94665
0.325064
0.939195
0.110659
0
1
0
0
-0.341743
-0.939793
-7.92612
5.05346
22.0945
-7.02634
4.71336
22.3679
0.899777
-0.340102
0.27337
-0.290699
0
0.956815
0.325415
0.940388
0.0988674
0
1
0
0
-0.341743
-0.939793
-7.83569
5.01962
22.1206
-6.93139
4.68116
22.3807
0.904303
-0.338461
0.260155
-0.276473
0
0.961022
0.325268
0.940981
0.0935751
0
1
0
0
-0.341743
-0.939793
-7.74382
4.98618
22.1416
-6.82516
4.65183
22.352
0.918663
-0.334352
0.210399
-0.223247
0
0.974762
0.325913
0.942448
0.074643
0
1
0
0
-0.341743
-0.939793
-7.65136
4.95291
22.1602
-6.72677
4.6202
22.3457
0.924589
-0.332706
0.185587
-0.196799
0
0.980444
0.3262
0.943031
0.0654763
0
1
0
0
-0.341743
-0.939793
-7.55815
4.9198
22.1748
-6.62603
4.58874
22.3216
0.932121
-0.33106
0.146797
-0.15557
0
0.987825
0.327029
0.94361
0.0515029
0
1
0
0
-0.341743
-0.939793
-7.46434
4.88694
22.1858
-6.52622
4.55836
22.2951
0.938119
-0.328588
0.109371
-0.115801
0
0.993272
0.326378
0.944473
0.038051
0
1
0
0
-0.341743
-0.939793
-7.37023
4.85425
22.1944
-6.42915
4.52731
22.2809
0.941081
-0.326939
0.0864707
-0.091499
0
0.995805
0.325568
0.945045
0.0299146
0
1
0
0
-0.341743
-0.939793
-7.27578
4.82189
22.2
-6.33126
4.49825
22.2561
0.944516
-0.323639
0.0561121
-0.0593037
0
0.99824
0.323069
0.946181
0.019193
0
1
0
0
-0.341743
-0.939793
-7.18118
4.78969
22.2038
-6.2352
4.4677
22.2418
0.945982
-0.321987
0.0379918
-0.0401289
0
0.999194
0.321727
0.946744
0.012921
0
1
0
0
-0.341743
-0.939793
-7.0864
4.75782
22.2047
-6.13857
4.43914
22.2129
0.947826
-0.31868
0.00826924
-0.00872409
0
0.999962
0.318668
0.947862
0.00278019
0
1
0
0
-0.341743
-0.939793
-6.99158
4.72603
22.2048
-6.04345
4.40818
22.2065
0.948139
-0.317853
0.00165244
-0.00174283
0
0.999998
0.317852
0.94814
0.000553962
0
1
0
0
-0.341743
-0.939793
-6.89667
4.69466
22.2021
-5.94755
4.38095
22.1748
0.949124
-0.313713
-0.0273428
0.0287965
-0
0.999585
0.313583
0.949518
-0.00903383
0
1
0
0
-0.341743
-0.939793
-6.80172
4.66404
22.1953
-5.8522
4.35779
22.1272
0.949516
-0.306246
-0.0680649
0.0715003
-0
0.997441
0.305462
0.951953
-0.0218966
0
1
0
0
-0.341743
-0.939793
-6.70679
4.63383
22.1866
-5.75751
4.33174
22.0993
0.94928
-0.302089
-0.0872291
0.0915042
-0
0.995805
0.300822
0.95328
-0.0276424
0
1
0
0
-0.341743
-0.939793
-6.6119
4.60395
22.1764
-5.66297
4.30519
22.075
0.948925
-0.29876
-0.101413
0.106267
-0
0.994338
0.297068
0.954328
-0.0317482
0
1
0
0
-0.341743
-0.939793
-6.51719
4.57475
22.1631
-5.57011
4.28266
22.03
0.947083
-0.29209
-0.133106
0.139176
-0
0.990268
0.289247
0.956391
-0.0406518
0
1
0
0
-0.341743
-0.939793
-6.42248
4.54554
22.1498
-5.4754
4.25345
22.0167
0.947083
-0.29209
-0.133106
0.139176
-0
0.990268
0.289247
0.956391
-0.0406518
0
1
0
0
-0.341743
-0.939793
-6.32899
4.51892
22.1263
-5.39409
4.25281
21.8915
0.9349
-0.266113
-0.234833
0.243618
-0
0.969871
0.258096
0.963942
-0.0648299
0
1
0
0
-0.341743
-0.939793
-6.23628
4.49324
22.099
-5.30915
4.23639
21.8262
0.92713
-0.256848
-0.272872
0.282344
-0
0.959313
0.246398
0.966452
-0.0725194
0
1
0
0
-0.341743
-0.939793
-6.14429
4.4684
22.0687
-5.22435
4.22
21.7653
0.919931
-0.248404
-0.303351
0.313166
-0
0.949698
0.235909
0.968656
-0.0777919
0
1
0
0
-0.341743
-0.939793
-6.05268
4.44398
22.0369
-5.13661
4.19981
21.7188
0.916068
-0.244176
-0.318115
0.328045
-0
0.944662
0.230663
0.969731
-0.0801006
0
1
0
0
-0.341743
-0.939793
-5.96243
4.42075
22.0006
-5.05998
4.18844
21.6378
0.902451
-0.23231
-0.362786
0.37299
-0
0.927835
0.215545
0.972642
-0.0866494
0
1
0
0
-0.341743
-0.939793
-5.87331
4.39811
21.9613
-4.9821
4.17175
21.5682
0.891209
-0.226364
-0.393073
0.403548
-0
0.914959
0.207114
0.974043
-0.0913488
0
1
0
0
-0.341743
-0.939793
-5.78496
4.37582
21.9201
-4.90147
4.15286
21.5081
0.883492
-0.222963
-0.411982
0.422621
-0
0.906307
0.202073
0.974827
-0.0942287
0
1
0
0
-0.341743
-0.939793
-5.69749
4.35395
21.8769
-4.8227
4.13524
21.4445
0.874782
-0.218707
-0.432347
0.443073
-0
0.896485
0.196068
0.975791
-0.0969033
0
1
0
0
-0.341743
-0.939793
-5.61103
4.33259
21.8314
-4.74647
4.11899
21.3765
0.864563
-0.213595
-0.454872
0.465617
-0
0.884986
0.189029
0.976922
-0.0994535
0
1
0
0
-0.341743
-0.939793
-5.5254
4.31157
21.7842
-4.66908
4.10139
21.3125
0.856319
-0.210184
-0.471742
0.48252
-0
0.875885
0.184097
0.977662
-0.101418
0
1
0
0
-0.341743
-0.939793
-5.44165
4.29123
21.7335
-4.60416
4.08788
21.2263
0.83749
-0.203353
-0.507206
0.51803
-0
0.855363
0.173941
0.979105
-0.105343
0
1
0
0
-0.341743
-0.939793
-5.35842
4.27098
21.6819
-4.52614
4.06849
21.1658
0.832284
-0.202499
-0.516041
0.526958
-0
0.849891
0.172102
0.979282
-0.106708
0
1
0
0
-0.341743
-0.939793
-5.27773
4.2515
21.6261
-4.47085
4.0567
21.0684
0.806879
-0.194801
-0.557672
0.568564
-0
0.822639
0.160251
0.980843
-0.110757
0
1
0
0
-0.341743
-0.939793
-5.19933
4.2328
21.5669
-4.41532
4.0457
20.9751
0.784016
-0.187092
-0.591875
0.602514
-0
0.798108
0.14932
0.982342
-0.112725
0
1
0
0
-0.341743
-0.939793
-5.12242
4.21469
21.5056
-4.35328
4.0336
20.8927
0.769133
-0.181088
-0.612896
0.6232
-0
0.782063
0.141622
0.983467
-0.112854
0
1
0
0
-0.341743
-0.939793
-5.0483
4.19744
21.4408
-4.30717
4.02494
20.7919
0.741134
-0.172498
-0.648818
0.658692
-0
0.752413
0.12979
0.98501
-0.113623
0
1
0
0
-0.341743
-0.939793
-4.97664
4.18096
21.373
-4.26
4.0162
20.6953
0.716643
-0.164757
-0.6777
0.68709
-0
0.726573
0.119708
0.986334
-0.113203
0
1
0
0
-0.341743
-0.939793
-4.90602
4.16474
21.3041
-4.1998
4.00257
20.6149
0.706217
-0.162174
-0.689172
0.698417
-0
0.715691
0.116067
0.986762
-0.113265
0
1
0
0
-0.341743
-0.939793
-4.8389
4.14922
21.2316
-4.1677
3.99393
20.5068
0.671198
-0.155281
-0.724832
0.733732
-0
0.679439
0.105504
0.98787
-0.113935
0
1
0
0
-0.341743
-0.939793
-4.77724
4.13472
21.1542
-4.16062
3.98979
20.3804
0.616616
-0.144928
-0.773809
0.782066
-0
0.623195
0.0903185
0.989442
-0.113343
0
1
0
0
-0.341743
-0.939793
-4.71917
4.12083
21.074
-4.13848
3.98195
20.2718
0.580688
-0.138881
-0.802193
0.810043
-0
0.58637
0.0814359
0.990309
-0.1125
0
1
0
0
-0.341743
-0.939793
-4.66284
4.10729
20.9925
-4.09951
3.97187
20.1774
0.563322
-0.135424
-0.815064
0.822642
-0
0.56856
0.0769964
0.990788
-0.111405
0
1
0
0
-0.341743
-0.939793
-4.60805
4.0941
20.9099
-4.06022
3.96213
20.0838
0.547829
-0.131964
-0.826117
0.833406
-0
0.552662
0.0729317
0.991254
-0.10998
0
1
0
0
-0.341743
-0.939793
-4.55572
4.08133
20.8256
-4.03234
3.95369
19.9831
0.523378
-0.127638
-0.842487
0.849434
-0
0.527695
0.0673538
0.991821
-0.10842
0
1
0
0
-0.341743
-0.939793
-4.50751
4.06935
20.7388
-4.02544
3.9495
19.8709
0.482071
-0.119844
-0.867897
0.874198
-0
0.48557
0.0581928
0.992793
-0.104768
0
1
0
0
-0.341743
-0.939793
-4.46572
4.05866
20.6486
-4.04789
3.95182
19.7464
0.417836
-0.106839
-0.902219
0.907412
-0
0.420241
0.0448981
0.994276
-0.0969469
0
1
0
0
-0.341743
-0.939793
-4.42567
4.04833
20.5576
-4.02508
3.94496
19.6472
0.400586
-0.103367
-0.91041
0.915313
-0
0.402744
0.0416306
0.994643
-0.0946136
0
1
0
0
-0.341743
-0.939793
-4.38671
4.03834
20.466
-3.99714
3.93844
19.5505
0.389573
-0.0998949
-0.915562
0.920165
-0
0.391531
0.039112
0.994998
-0.0919198
0
1
0
0
-0.341743
-0.939793
-4.34886
4.02869
20.374
-3.97037
3.93227
19.4534
0.378488
-0.0964211
-0.92057
0.92488
-0
0.38026
0.0366651
0.995341
-0.0891779
0
1
0
0
-0.341743
-0.939793
-4.3134
4.0201
20.2809
-3.9588
3.9341
19.3498
0.354601
-0.0859928
-0.931055
0.934517
-0
0.355919
0.0306065
0.996296
-0.0803617
0
1
0
0
-0.341743
-0.939793
-4.28191
4.01315
20.1862
-3.96703
3.94369
19.2396
0.314883
-0.0694626
-0.946585
0.948877
-0
0.315645
0.0219255
0.997585
-0.0659114
0
1
0
0
-0.341743
-0.939793
-4.25141
4.00664
20.0912
-3.94636
3.94153
19.1411
0.305043
-0.0651091
-0.95011
0.952131
-0
0.305691
0.0199033
0.997878
-0.0619924
0
1
0
0
-0.341743
-0.939793
-4.22139
4.00056
19.996
-3.92125
3.93981
19.044
0.300147
-0.0607544
-0.951956
0.953718
-0
0.300702
0.018269
0.998153
-0.0579426
0
1
0
0
-0.341743
-0.939793
-4.19171
3.99466
19.9007
-3.89485
3.93565
18.9476
0.296853
-0.0590122
-0.953098
0.954762
-0
0.297371
0.0175485
0.998257
-0.0563426
0
1
0
0
-0.341743
-0.939793
-4.16235
3.98885
19.8053
-3.86881
3.93071
18.8511
0.293539
-0.0581411
-0.954177
0.955794
-0
0.294036
0.0170956
0.998308
-0.0555709
0
1
0
0
-0.341743
-0.939793
-4.13433
3.98338
19.7094
-3.85409
3.92873
18.7511
0.280243
-0.054656
-0.958372
0.959806
-0
0.280663
0.0153399
0.998505
-0.0524592
0
1
0
0
-0.341743
-0.939793
-4.10756
4.07827
19.6132
-3.83983
4.02709
18.6511
0.267725
-0.0511702
-0.962136
0.963398
-0
0.268076
0.0137175
0.99869
-0.0492973
0
1
0
0
-0.341743
-0.939793
-4.08272
4.17358
19.5165
-3.8343
4.12677
18.5489
0.248413
-0.0468121
-0.967522
0.968584
-0
0.248686
0.0116415
0.998904
-0.0453415
0
1
0
0
-0.341743
-0.939793
-4.05931
4.26925
19.4193
-3.82524
4.22593
18.4481
0.23407
-0.043325
-0.971254
0.972167
-0
0.23429
0.0101506
0.999061
-0.0421191
0
1
0
0
-0.341743
-0.939793
-4.03734
4.36527
19.3219
-3.81767
4.32543
18.3471
0.219668
-0.0398373
-0.974761
0.975535
-0
0.219842
0.00875793
0.999206
-0.0388627
0
1
0
0
-0.341743
-0.939793
-4.01725
4.46172
19.224
-3.8163
4.42624
18.245
0.200947
-0.0354771
-0.97896
0.979576
-0
0.201074
0.00713352
0.999371
-0.0347526
0
1
0
0
-0.341743
-0.939793
-3.99792
4.55843
19.1259
-3.80465
4.52557
18.1453
0.19327
-0.0328607
-0.980595
0.981125
-0
0.193374
0.0063544
0.99946
-0.0322404
0
1
0
0
-0.341743
-0.939793
-3.98005
4.65558
19.0275
-3.80132
4.62708
18.0441
0.178725
-0.0284994
-0.983486
0.983886
-0
0.178798
0.00509563
0.999594
-0.0280401
0
1
0
0
-0.341743
-0.939793
-3.96252
4.75273
18.9291
-3.78723
4.72423
17.945
0.175291
-0.0284994
-0.984104
0.984504
-0
0.175362
0.00499772
0.999594
-0.0280578
0
1
0
0
-0.341743
-0.939793
-3.94533
4.84997
18.8307
-3.77347
4.82234
17.8459
0.171859
-0.0276271
-0.984734
0.98511
-0
0.171924
0.00474977
0.999618
-0.0272157
0
1
0
0
-0.341743
-0.939793
-3.92935
4.94738
18.732
-3.76953
4.9215
17.7452
0.159823
-0.0258824
-0.986806
0.987137
-0
0.159876
0.00413797
0.999665
-0.0255494
0
1
0
0
-0.341743
-0.939793
-3.91406
5.04479
18.6332
-3.76113
5.01891
17.6453
0.15293
-0.0258824
-0.987898
0.988229
-0
0.152981
0.0039595
0.999665
-0.0255777
0
1
0
0
-0.341743
-0.939793
-3.89963
5.14221
18.5343
-3.75532
5.11632
17.5451
0.144303
-0.0258824
-0.989195
0.989526
-0
0.144351
0.00373615
0.999665
-0.0256113
0
1
0
0
-0.341743
-0.939793
-3.8871
5.2397
18.4351
-3.76181
5.21469
17.4433
0.125289
-0.02501
-0.991805
0.992115
-0
0.125328
0.00313446
0.999687
-0.0248128
0
1
0
0
-0.341743
-0.939793
-3.87665
5.3372
18.3357
-3.77216
5.31219
17.3415
0.104491
-0.02501
-0.994211
0.994522
-0
0.104523
0.00261413
0.999687
-0.024873
0
1
0
0
-0.341743
-0.939793
-3.86854
5.43479
18.236
-3.7875
5.41065
17.2396
0.0810396
-0.0241376
-0.996419
0.996709
-0
0.0810632
0.00195667
0.999709
-0.0240582
0
1
0
0
-0.341743
-0.939793
-3.86201
5.53238
18.1363
-3.79663
5.50824
17.1387
0.065379
-0.0241376
-0.997569
0.997859
-0
0.0653981
0.00157855
0.999709
-0.0240859
0
1
0
0
-0.341743
-0.939793
-3.8593
5.63005
18.0363
-3.83227
5.60678
17.037
0.0270364
-0.0232652
-0.999364
0.999634
-0
0.0270437
0.000629177
0.999729
-0.0232567
0
1
0
0
-0.341743
-0.939793
-3.85861
5.72772
17.9364
-3.85163
5.70446
16.9367
0.00697401
-0.0232652
-0.999705
0.999976
-0
0.0069759
0.000162296
0.999729
-0.0232646
0
1
0
0
-0.341743
-0.939793
-3.86087
5.82548
17.8364
-3.88356
5.80309
16.8369
-0.0226871
-0.0223928
-0.999492
0.999743
0
-0.0226928
-0.000508156
0.999749
-0.022387
0
1
0
0
-0.341743
-0.939793
-3.8655
5.92324
17.7366
-3.91173
5.90085
16.7379
-0.0462286
-0.0223928
-0.99868
0.99893
0
-0.0462402
-0.00103545
0.999749
-0.0223689
0
1
0
0
-0.341743
-0.939793
-3.87439
6.021
17.637
-3.96326
5.99861
16.6412
-0.0888778
-0.0223928
-0.995791
0.996041
0
-0.0889001
-0.00199072
0.999749
-0.0223041
0
1
0
0
-0.341743
-0.939793
-3.88605
6.11877
17.5377
-4.0027
6.09637
16.5448
-0.116647
-0.0223928
-0.992921
0.99317
0
-0.116677
-0.00261272
0.999749
-0.0222399
0
1
0
0
-0.341743
-0.939793
-3.90255
6.21653
17.4391
-4.06756
6.19413
16.453
-0.165012
-0.0223928
-0.986037
0.986285
0
-0.165053
-0.00369601
0.999749
-0.0220857
0
1
0
0
-0.341743
-0.939793
-3.92051
6.31429
17.3407
-4.10013
6.29189
16.3573
-0.179622
-0.0223928
-0.983481
0.983728
0
-0.179667
-0.00402324
0.999749
-0.0220284
0
1
0
0
-0.341743
-0.939793
-3.94326
6.41205
17.2434
-4.17071
6.38965
16.2698
-0.22745
-0.0223928
-0.973532
0.973777
0
-0.227507
-0.00509452
0.999749
-0.0218056
0
1
0
0
-0.341743
-0.939793
-3.96804
6.50981
17.1465
-4.21583
6.48742
16.178
-0.247788
-0.0223928
-0.968555
0.968798
0
-0.24785
-0.00555007
0.999749
-0.0216941
0
1
0
0
-0.341743
-0.939793
-3.99475
6.60748
17.0502
-4.26193
6.58422
16.0868
-0.267172
-0.0232652
-0.963368
0.963629
0
-0.267244
-0.00621749
0.99973
-0.022419
0
1
0
0
-0.341743
-0.939793
-4.02365
6.70507
16.9545
-4.3126
6.68093
15.9974
-0.288953
-0.0241376
-0.957039
0.957318
0
-0.289037
-0.00697666
0.999709
-0.0231074
0
1
0
0
-0.341743
-0.939793
-4.05595
6.80257
16.8599
-4.37894
6.77756
15.9138
-0.322996
-0.02501
-0.94607
0.946366
0
-0.323097
-0.00808066
0.999687
-0.0236686
0
1
0
0
-0.341743
-0.939793
-4.08948
6.90007
16.7657
-4.42484
6.87506
15.8239
-0.335352
-0.02501
-0.941761
0.942056
0
-0.335457
-0.00838977
0.999687
-0.0235608
0
1
0
0
-0.341743
-0.939793
-4.12709
6.99748
16.6731
-4.5032
6.97159
15.7469
-0.376103
-0.0258824
-0.926216
0.926527
0
-0.376229
-0.00973769
0.999665
-0.0239807
0
1
0
0
-0.341743
-0.939793
-4.16599
6.99489
16.581
-4.55499
6.96901
15.6601
-0.388998
-0.0258824
-0.920875
0.921184
0
-0.389128
-0.0100716
0.999665
-0.0238424
0
1
0
0
-0.341743
-0.939793
-4.20649
6.99221
16.4896
-4.6115
6.96546
15.5757
-0.405001
-0.0267547
-0.913925
0.914252
0
-0.405146
-0.0108396
0.999642
-0.0244605
0
1
0
0
-0.341743
-0.939793
-4.24779
6.98945
16.3986
-4.66074
6.96182
15.4882
-0.412951
-0.027627
-0.910334
0.910682
0
-0.413109
-0.011413
0.999618
-0.0251594
0
1
0
0
-0.341743
-0.939793
-4.28996
6.9866
16.3079
-4.71162
6.9581
15.4016
-0.42166
-0.0284994
-0.906306
0.906674
0
-0.421831
-0.0120219
0.999594
-0.0258397
0
1
0
0
-0.341743
-0.939793
-4.33416
6.9834
16.2183
-4.77623
6.95141
15.3219
-0.442066
-0.0319884
-0.896412
0.896871
0
-0.442292
-0.0141482
0.999488
-0.0286895
0
1
0
0
-0.341743
-0.939793
-4.38039
6.97994
16.1297
-4.84264
6.94534
15.2436
-0.462249
-0.034605
-0.886075
0.886606
0
-0.462526
-0.0160057
0.999401
-0.030681
0
1
0
0
-0.341743
-0.939793
-4.42868
6.97622
16.0422
-4.91163
6.939
15.1673
-0.482951
-0.0372213
-0.874856
0.875463
0
-0.483286
-0.0179885
0.999307
-0.0325858
0
1
0
0
-0.341743
-0.939793
-4.48177
6.97189
15.9576
-5.01267
6.92856
15.1112
-0.530903
-0.0433249
-0.846325
0.84712
0
-0.531402
-0.0230229
0.999061
-0.0367014
0
1
0
0
-0.341743
-0.939793
-4.53784
6.96712
15.8749
-5.09857
6.91943
15.0483
-0.560726
-0.0476837
-0.826627
0.827569
0
-0.561364
-0.0267679
0.998863
-0.0394616
0
1
0
0
-0.341743
-0.939793
-4.59584
6.96209
15.7936
-5.17581
6.91179
14.9805
-0.579971
-0.0502986
-0.813083
0.814113
0
-0.580706
-0.0292087
0.998734
-0.0409487
0
1
0
0
-0.341743
-0.939793
-4.65642
6.95671
15.7142
-5.26223
6.90293
14.9204
-0.605807
-0.0537845
-0.793791
0.794942
0
-0.606685
-0.0326303
0.998553
-0.0427556
0
1
0
0
-0.341743
-0.939793
-4.71871
6.95107
15.6362
-5.3416
6.89467
14.8559
-0.62289
-0.0563985
-0.780274
0.781518
0
-0.623883
-0.0351861
0.998408
-0.0440765
0
1
0
0
-0.341743
-0.939793
-4.78361
6.94517
15.5603
-5.43259
6.88616
14.8018
-0.648982
-0.0590121
-0.758512
0.759836
0
-0.650115
-0.0383646
0.998257
-0.0448395
0
1
0
0
-0.341743
-0.939793
-4.84994
6.93892
15.4858
-5.51322
6.87642
14.74
-0.663282
-0.0624964
-0.745755
0.747216
0
-0.664582
-0.0415339
0.998045
-0.0466983
0
1
0
0
-0.341743
-0.939793
-4.91818
6.93232
15.413
-5.6006
6.86634
14.685
-0.682423
-0.0659798
-0.727973
0.729563
0
-0.683914
-0.0451245
0.997821
-0.0481364
0
1
0
0
-0.341743
-0.939793
-4.98914
6.9252
15.3429
-5.69875
6.854
14.6419
-0.70961
-0.0712035
-0.700987
0.702771
0
-0.711416
-0.0506553
0.997462
-0.0500397
0
1
0
0
-0.341743
-0.939793
-5.06177
6.91773
15.2745
-5.78811
6.84305
14.5913
-0.72634
-0.0746849
-0.683266
0.68518
0
-0.728374
-0.0543985
0.997207
-0.0511726
0
1
0
0
-0.341743
-0.939793
-5.13598
6.91
15.208
-5.87807
6.83271
14.5421
-0.742088
-0.0772953
-0.665831
0.667829
0
-0.744315
-0.057532
0.997008
-0.05162
0
1
0
0
-0.341743
-0.939793
-5.21178
6.90193
15.1432
-5.9697
6.82115
14.4959
-0.757924
-0.080775
-0.647323
0.649445
0
-0.760409
-0.061422
0.996732
-0.0524589
0
1
0
0
-0.341743
-0.939793
-5.28987
6.8935
15.0813
-6.07078
6.80925
14.4624
-0.78091
-0.0842538
-0.618936
0.621144
0
-0.783696
-0.0660294
0.996444
-0.0523337
0
1
0
0
-0.341743
-0.939793
-5.36938
6.8849
15.0213
-6.16454
6.79891
14.421
-0.795156
-0.0859927
-0.600276
0.602508
0
-0.798113
-0.0686319
0.996296
-0.0518113
0
1
0
0
-0.341743
-0.939793
-5.45002
6.87613
14.9628
-6.25643
6.7884
14.378
-0.806411
-0.0877315
-0.584812
0.587076
0
-0.809532
-0.0710215
0.996144
-0.051505
0
1
0
0
-0.341743
-0.939793
-5.53176
6.86718
14.9059
-6.34912
6.77771
14.3368
-0.817362
-0.08947
-0.569134
0.571426
0
-0.820653
-0.0734238
0.995989
-0.0511255
0
1
0
0
-0.341743
-0.939793
-5.61606
6.85789
14.8529
-6.45905
6.76494
14.3231
-0.842995
-0.092946
-0.52983
0.532134
0
-0.84666
-0.0786937
0.995671
-0.0494597
0
1
0
0
-0.341743
-0.939793
-5.70099
6.84851
14.801
-6.55033
6.75469
14.2815
-0.849336
-0.0938149
-0.519449
0.52175
0
-0.853098
-0.0800333
0.99559
-0.0489479
0
1
0
0
-0.341743
-0.939793
-5.78602
6.83912
14.7492
-6.63626
6.74531
14.2312
-0.850241
-0.0938149
-0.517966
0.52026
0
-0.854008
-0.0801186
0.99559
-0.0488081
0
1
0
0
-0.341743
-0.939793
-5.87104
6.82974
14.6974
-6.72128
6.73593
14.1794
-0.850241
-0.0938149
-0.517966
0.52026
0
-0.854008
-0.0801186
0.99559
-0.0488081
0
1
0
0
-0.341743
-0.939793
-5.95607
6.82036
14.6456
-6.80631
6.72655
14.1276
-0.850241
-0.0938149
-0.517966
0.52026
0
-0.854008
-0.0801186
0.99559
-0.0488081
0
1
0
0
-0.341743
-0.939793
-6.04109
6.81098
14.5938
-6.89133
6.71716
14.0758
-0.850241
-0.0938149
-0.517966
0.52026
0
-0.854008
-0.0801186
0.99559
-0.0488081
0
1
0
0
-0.341743
-0.939793
-6.12611
6.80151
14.542
-6.97628
6.70683
14.0241
-0.850171
-0.0946837
-0.517923
0.52026
0
-0.854008
-0.0808606
0.995507
-0.0492602
0
1
0
0
-0.341743
-0.939793
-6.12611
6.80151
14.542
-6.97628
6.70683
14.0241
-0.850171
-0.0946837
-0.517923
0.52026
0
-0.854008
-0.0808606
0.995507
-0.0492602
0
1
0
0
-0.341743
-0.939793
-6.12611
6.80151
14.542
-6.97628
6.70683
14.0241
-0.850171
-0.0946837
-0.517923
0.52026
0
-0.854008
-0.0808606
0.995507
-0.0492602
0
1
0
0
-0.341743
-0.939793
-6.12611
6.80151
14.542
-6.97628
6.70683
14.0241
-0.850171
-0.0946837
-0.517923
0.52026
0
-0.854008
-0.0808606
0.995507
-0.0492602
0
1
0
0
-0.341743
-0.939793
-6.12611
6.80151
14.542
-6.97628
6.70683
14.0241
-0.850171
-0.0946837
-0.517923
0.52026
0
-0.854008
-0.0808606
0.995507
-0.0492602
0
1
0
0
-0.341743
-0.939793
-6.12611
6.80151
14.542
-6.97628
6.70683
14.0241
-0.850171
-0.0946837
-0.517923
0.52026
0
-0.854008
-0.0808606
0.995507
-0.0492602
0
1
0
0
-0.341743
-0.939793
-6.12611
6.80151
14.542
-6.97628
6.70683
14.0241
-0.850171
-0.0946837
-0.517923
0.52026
0
-0.854008
-0.0808606
0.995507
-0.0492602
0
1
0
0
-0.341743
-0.939793
-6.12611
6.80151
14.542
-6.97628
6.70683
14.0241
-0.850171
-0.0946837
-0.517923
0.52026
0
-0.854008
-0.0808606
0.995507
-0.0492602
0
1
0
0
-0.341743
-0.939793
-6.12611
6.80151
14.542
-6.97628
6.70683
14.0241
-0.850171
-0.0946837
-0.517923
0.52026
0
-0.854008
-0.0808606
0.995507
-0.0492602
0
1
0
0
-0.341743
-0.939793
-6.12611
6.80151
14.542
-6.97628
6.70683
14.0241
-0.850171
-0.0946837
-0.517923
0.52026
0
-0.854008
-0.0808606
0.995507
-0.0492602
0
1
0
0
-0.341743
-0.939793
-6.12611
6.80151
14.542
-6.97628
6.70683
14.0241
-0.850171
-0.0946837
-0.517923
0.52026
0
-0.854008
-0.0808606
0.995507
-0.0492602
0
1
0
0
-0.341743
-0.939793
-6.12611
6.80151
14.542
-6.97628
6.70683
14.0241
-0.850171
-0.0946837
-0.517923
0.52026
0
-0.854008
-0.0808606
0.995507
-0.0492602
0
1
0
0
-0.341743
-0.939793
-6.12611
6.80151
14.542
-6.97628
6.70683
14.0241
-0.850171
-0.0946837
-0.517923
0.52026
0
-0.854008
-0.0808606
0.995507
-0.0492602
0
1
0
0
-0.341743
-0.939793
-6.12611
6.80151
14.542
-6.97628
6.70683
14.0241
-0.850171
-0.0946837
-0.517923
0.52026
0
-0.854008
-0.0808606
0.995507
-0.0492602
0
1
0
0
-0.341743
-0.939793
-6.12611
6.80151
14.542
-6.97628
6.70683
14.0241
-0.850171
-0.0946837
-0.517923
0.52026
0
-0.854008
-0.0808606
0.995507
-0.0492602
0
1
0
0
-0.341743
-0.939793
-6.12611
6.80151
14.542
-6.97628
6.70683
14.0241
-0.850171
-0.0946837
-0.517923
0.52026
0
-0.854008
-0.0808606
0.995507
-0.0492602
0
1
0
0
-0.341743
-0.939793
